Código;Grupo/Família (Abrev.);Nome do produto;Unidade;Preco_Unit;Cobre_kg;Aluminio_kg;PVC_kg;Skin_kg;Embalagem_kg;Peso_Total_kg
A034;CABO DE ALUMINIO MULTIPLEXADO;CABO ALUMINIO XLPE 0,6/1KV SINGELO 95,0MM DIV METRO;M;0.0;0.0;0.0;0.0;0.0;0.0;0.0
A035;CABO DE ALUMINIO MULTIPLEXADO;CABO ALUMINIO XLPE 0,6/1KV SINGELO 150,0MM DIV METRO;M;0.0;0.0;0.0;0.0;0.0;0.0;0.0
A037;CABO DE ALUMINIO MULTIPLEXADO;CABO ALUMINIO XLPE 0,6/1KV SINGELO 240,0MM 1KV DIV METRO;M;0.0;0.0;0.0;0.0;0.0;0.0;0.0
A038;CABO DE ALUMINIO MULTIPLEXADO;CABO ALUMINIO XLPE 0,6/1KV SINGELO 95,0MM 1KV DIV METRO;M;0.0;0.0;0.0;0.0;0.0;0.0;0.0
A022;CABO DE ALUMINIO MULTIPLEXADO;CABO ALUMINIO XLPE 0,6/1KV SINGELO 70MM DIV METRO;M;54.66025641025641;0.474;0.0;0.18;0.0;0.0;0.6541330000000001
A039;CABO DE ALUMINIO MULTIPLEXADO;CABO ALUMINIO XLPE 0,6/1KV SINGELO 35,0MM 15KV DIV METRO;M;0.0;0.0;0.0;0.0;0.0;0.0;0.0
A001;CABO DE ALUMINIO MULTIPLEXADO;CABO ALUMINIO DUPLEX 1X1X10MM+10MM DIV METRO (NEUTRO ISOLADO);M;0.0;0.0;0.0;0.0;0.0;0.0;0.0
A002;CABO DE ALUMINIO MULTIPLEXADO;CABO ALUMINIO DUPLEX 1X1X16MM+16MM DIV METRO (NEUTRO ISOLADO);M;0.0;0.0;0.0;0.0;0.0;0.0;0.0
A003;CABO DE ALUMINIO MULTIPLEXADO;CABO ALUMINIO DUPLEX 1X1X25MM+25MM DIV METRO (NEUTRO ISOLADO);M;0.0;0.0;0.0;0.0;0.0;0.0;0.0
A004;CABO DE ALUMINIO MULTIPLEXADO;CABO ALUMINIO DUPLEX 1X1X35MM+35MM DIV METRO (NEUTRO ISOLADO);M;0.0;0.0;0.0;0.0;0.0;0.0;0.0
A040;CABO DE ALUMINIO MULTIPLEXADO;CABO ALUMINIO DUPLEX 1X1X10MM+10MM DIV METRO (NEUTRO NÚ);M;0.0;0.0;0.0;0.0;0.0;0.0;0.0
A012;CABO DE ALUMINIO MULTIPLEXADO;CABO ALUMINIO QUADRUPLEX 3X1X25MM+25MM DIV METRO (NEUTRO ISOLADO);M;0.0;0.0;0.0;0.0;0.0;0.0;0.0
A014;CABO DE ALUMINIO MULTIPLEXADO;CABO ALUMINIO QUADRUPLEX 3X1X50MM+50MM DIV METRO;M;0.0;0.0;0.0;0.0;0.0;0.0;0.0
A015;CABO DE ALUMINIO MULTIPLEXADO;CABO ALUMINIO QUADRUPLEX 3X1X70MM+70MM DIV METRO;M;0.0;0.0;0.0;0.0;0.0;0.0;0.0
A016;CABO DE ALUMINIO MULTIPLEXADO;CABO ALUMINIO QUADRUPLEX 3X1X95MM+95MM DIV METRO;M;0.0;0.0;0.0;0.0;0.0;0.0;0.0
A025;CABO DE ALUMINIO MULTIPLEXADO;CABO ALUMINIO QUADRUPLEX 3X1X120MM+120MM DIV METRO;M;0.0;0.0;0.0;0.0;0.0;0.0;0.0
A050;CABO DE ALUMINIO MULTIPLEXADO;CABO ALUMINIO QUADRUPLEX 3X1X35MM+35MM DIV METRO (NEUTRO NÚ);M;0.0;0.0;0.0;0.0;0.0;0.0;0.0
A053;CABO DE ALUMINIO MULTIPLEXADO;CABO ALUMINIO QUADRUPLEX 3X1X150MM+120MM DIV METRO;M;0.0;0.0;0.0;0.0;0.0;0.0;0.0
A005;CABO DE ALUMINIO MULTIPLEXADO;CABO ALUMINIO TRIPLEX 2X1X10MM+10MM DIV METRO (NEUTRO ISOLADO);M;0.0;0.0;0.0;0.0;0.0;0.0;0.0
A006;CABO DE ALUMINIO MULTIPLEXADO;CABO ALUMINIO TRIPLEX 2X1X16MM+16MM DIV METRO (NEUTRO ISOLADO);M;0.0;0.0;0.0;0.0;0.0;0.0;0.0
A007;CABO DE ALUMINIO MULTIPLEXADO;CABO ALUMINIO TRIPLEX 2X1X25MM+25MM DIV METRO (NEUTRO ISOLADO);M;0.0;0.0;0.0;0.0;0.0;0.0;0.0
A051;CABO DE ALUMINIO MULTIPLEXADO;CABO ALUMINIO TRIPLEX 2X1X70MM+70MM DIV METRO (NEUTRO ISOLADO);M;0.0;0.0;0.0;0.0;0.0;0.0;0.0
A021;CABO DE ALUMINIO MULTIPLEXADO;CABO ALUMINIO XLPE 0,6/1KV SINGELO 50MM DIV METRO;M;38.25064102564102;0.335;0.0;0.111;0.0;0.0;0.44613300000000006
A022T;CABO DE ALUMINIO MULTIPLEXADO;CABO ALUMINIO XLPE 0,6/1KV SINGELO 70MM DIV METRO;M;54.66025641025641;0.474;0.0;0.18;0.0;0.0;0.6541330000000001
A023;CABO DE ALUMINIO MULTIPLEXADO;CABO ALUMINIO XLPE 0,6/1KV SINGELO 10MM VERMELHO DIV METRO;M;9.070153846153845;0.078;0.0;0.0329;0.0;0.0;0.11103299999999999
A020;CABO DE ALUMINIO MULTIPLEXADO;NÃO UTILIZAR - CABO ALUMINIO XLPE 0,6/1KV UNIPOLAR 35MM DIV METRO;M;27.64865384615385;0.2422;0.0;0.0801;0.0;0.0;0.3224330000000001
A030;CABO DE ALUMINIO MULTIPLEXADO;CABO ALUMINIO XLPE 0,6/1KV SINGELO 35MM DIV METRO;M;27.64865384615385;0.2422;0.0;0.0801;0.0;0.0;0.3224330000000001
1793;CABO DE ALUMINIO MULTIPLEXADO;CABO ALUMINIO EPR 12/20KV SINGELO 50,0MM DIV METRO (BOBINA);M;0.0;0.0;0.0;0.0;0.0;0.0;0.0
A031;CABO DE ALUMINIO MULTIPLEXADO;NAO UTILIZAR CABO ALUMINIO EPR SINGELO 50,0MM DIV METRO (BOBINA);M;0.0;0.0;0.0;0.0;0.0;0.0;0.0
A032;CABO DE ALUMINIO MULTIPLEXADO;NAO UTILIZAR CABO ALUMINIO EPR SINGELO 70,0MM 1KV 90º METRO (BOBINA);M;0.0;0.0;0.0;0.0;0.0;0.0;0.0
A033;CABO DE ALUMINIO MULTIPLEXADO;CABO ALUMINIO XLPE 06/1KV SINGELO 185,0MM DIV METRO;M;0.0;0.0;0.0;0.0;0.0;0.0;0.0
A052;CABO DE ALUMINIO MULTIPLEXADO;CABO ALUMINIO XLPE 0,6/1KV SINGELO 10MM PRETO DIV METRO;M;9.070153846153845;0.078;0.0;0.0329;0.0;0.0;0.11103299999999999
A019;CABO DE ALUMINIO MULTIPLEXADO;CABO ALUMINIO XLPE 0,6/1KV SINGELO 25MM DIV METRO;M;20.65601282051282;0.177;0.0;0.07769999999999999;0.0;0.0;0.254833
A026;CABO DE ALUMINIO MULTIPLEXADO;CABO ALUMINIO XLPE 0,6/1KV SINGELO 16MM DIV METRO;M;13.743076923076924;0.11900000000000001;0.0;0.046200000000000005;0.0;0.0;0.165333
A0222;CABO DE ALUMINIO MULTIPLEXADO;CABO AL SINGELO 70MM XLPE NEUTRO ISOLADO;M;54.66025641025641;0.474;0.0;0.18;0.0;0.0;0.6541330000000001
A028;CABO DE ALUMINIO MULTIPLEXADO;CABO ALUMINIO XLPE 0,6/1KV SINGELO 120,0MM DIV METRO;M;0.0;0.0;0.0;0.0;0.0;0.0;0.0
1644;CABO DE ALUMINIO MULTIPLEXADO;CABO ALUMINIO EPR 12/20KV SINGELO 50MM DIV METRO;M;38.25064102564102;0.335;0.0;0.111;0.0;0.0;0.44613300000000006
A029;CABO DE ALUMINIO MULTIPLEXADO;CABO ALUMINIO EPR 12/20KV SINGELO 50,0MM DIV METRO (BOBINA);M;0.0;0.0;0.0;0.0;0.0;0.0;0.0
A041;CABO DE ALUMINIO MULTIPLEXADO;CABO ALUMINIO DUPLEX 1X1X16MM+16MM DIV METRO (NEUTRO NÚ);M;0.0;0.0;0.0;0.0;0.0;0.0;0.0
A042;CABO DE ALUMINIO MULTIPLEXADO;CABO ALUMINIO DUPLEX 1X1X25MM+25MM DIV METRO (NEUTRO NÚ);M;0.0;0.0;0.0;0.0;0.0;0.0;0.0
A043;CABO DE ALUMINIO MULTIPLEXADO;CABO ALUMINIO DUPLEX 1X1X35MM+35MM DIV METRO (NEUTRO NÚ);M;0.0;0.0;0.0;0.0;0.0;0.0;0.0
A013;CABO DE ALUMINIO MULTIPLEXADO;CABO ALUMINIO QUADRUPLEX 3X1X35MM+35MM DIV METRO (NEUTRO ISOLADO);M;0.0;0.0;0.0;0.0;0.0;0.0;0.0
A010;CABO DE ALUMINIO MULTIPLEXADO;CABO ALUMINIO QUADRUPLEX 3X1X10MM+10MM DIV METRO;M;0.0;0.0;0.0;0.0;0.0;0.0;0.0
A011;CABO DE ALUMINIO MULTIPLEXADO;CABO ALUMINIO QUADRUPLEX 3X1X16MM+16MM DIV METRO (NEUTRO ISOLADO);M;0.0;0.0;0.0;0.0;0.0;0.0;0.0
A027;CABO DE ALUMINIO MULTIPLEXADO;ALUMINIO UNIPOLAR XLPE ISOLACAO DE 1KV 25MM NEUTRO ISOLADO;M;20.65601282051282;0.177;0.0;0.07769999999999999;0.0;0.0;0.254833
1752;CABO DE ALUMINIO MULTIPLEXADO;CABO ALUMINIO XLPE 0,6/1KV UNIPOLAR 10MM DIV METRO;M;9.070153846153845;0.078;0.0;0.0329;0.0;0.0;0.11103299999999999
1962;CABO DE ALUMINIO MULTIPLEXADO;CABO ALUMINIO QUADRUPLEX 3X1X120MM+120MM DIV METRO;M;0.0;0.0;0.0;0.0;0.0;0.0;0.0
A036;CABO DE ALUMINIO MULTIPLEXADO;CABO ALUMINIO XLPE 0,6/1KV QUADRUPLEX 3X1X120+70MM DIV METRO;M;0.0;0.0;0.0;0.0;0.0;0.0;0.0
A048;CABO DE ALUMINIO MULTIPLEXADO;CABO ALUMINIO QUADRUPLEX 3X1X16MM+16MM DIV METRO (NEUTRO NÚ);M;0.0;0.0;0.0;0.0;0.0;0.0;0.0
A049;CABO DE ALUMINIO MULTIPLEXADO;CABO ALUMINIO QUADRUPLEX 3X1X25MM+25MM DIV METRO (NEUTRO NÚ);M;0.0;0.0;0.0;0.0;0.0;0.0;0.0
A008;CABO DE ALUMINIO MULTIPLEXADO;CABO ALUMINIO TRIPLEX 2X1X35MM+35MM DIV METRO (NEUTRO ISOLADO);M;0.0;0.0;0.0;0.0;0.0;0.0;0.0
A009;CABO DE ALUMINIO MULTIPLEXADO;CABO ALUMINIO TRIPLEX 2X1X50MM+50MM DIV METRO;M;0.0;0.0;0.0;0.0;0.0;0.0;0.0
A044;CABO DE ALUMINIO MULTIPLEXADO;CABO ALUMINIO TRIPLEX 2X1X10MM+10MM DIV METRO (NEUTRO NÚ);M;0.0;0.0;0.0;0.0;0.0;0.0;0.0
A045;CABO DE ALUMINIO MULTIPLEXADO;CABO ALUMINIO TRIPLEX 2X1X16MM+16MM DIV METRO (NEUTRO NÚ);M;0.0;0.0;0.0;0.0;0.0;0.0;0.0
A046;CABO DE ALUMINIO MULTIPLEXADO;CABO ALUMINIO TRIPLEX 2X1X25MM+25MM DIV METRO (NEUTRO NÚ);M;0.0;0.0;0.0;0.0;0.0;0.0;0.0
A047;CABO DE ALUMINIO MULTIPLEXADO;CABO ALUMINIO TRIPLEX 2X1X35MM+35MM DIV METRO (NEUTRO NÚ);M;0.0;0.0;0.0;0.0;0.0;0.0;0.0
K121;CABO ELETRICO LINHA1 (MAXFIO);CABO ELETRICO FLEX HEPR 10,0MM ATOX VERMELHO 1KV 90º;M;0.0;0.0;0.0;0.0;0.0;0.0;0.0
K122;CABO ELETRICO LINHA1 (MAXFIO);CABO ELETRICO FLEX HEPR 10,0MM ATOX AZUL 1KV 90º;M;0.0;0.0;0.0;0.0;0.0;0.0;0.0
K123;CABO ELETRICO LINHA1 (MAXFIO);CABO ELETRICO FLEX HEPR 10,0MM ATOX VERDE 1KV 90º;M;0.0;0.0;0.0;0.0;0.0;0.0;0.0
K126;CABO ELETRICO LINHA1 (MAXFIO);CABO ELETRICO FLEX HEPR 10,0MM ATOX AMARELO 1KV 90º;M;0.0;0.0;0.0;0.0;0.0;0.0;0.0
K127;CABO ELETRICO LINHA1 (MAXFIO);CABO ELETRICO FLEX HEPR 10,0MM ATOX BRANCO 1KV 90º;M;0.0;0.0;0.0;0.0;0.0;0.0;0.0
K128;CABO ELETRICO LINHA1 (MAXFIO);CABO ELETRICO FLEX HEPR 16,0MM ATOX AMARELO 1KV 90º;M;0.0;0.0;0.0;0.0;0.0;0.0;0.0
K136;CABO ELETRICO LINHA1 (MAXFIO);CABO ELETRICO FLEX HEPR 10,0MM ATOX VERDE 1KV 90º;M;0.0;0.0;0.0;0.0;0.0;0.0;0.0
K137;CABO ELETRICO LINHA1 (MAXFIO);CABO ELETRICO FLEX HEPR 25,0MM ATOX VERDE 1KV 90º;M;0.0;0.0;0.0;0.0;0.0;0.0;0.0
K138;CABO ELETRICO LINHA1 (MAXFIO);CABO ELETRICO FLEX HEPR 50,0MM ATOX PRETO 1KV 90º;M;0.0;0.0;0.0;0.0;0.0;0.0;0.0
K139;CABO ELETRICO LINHA1 (MAXFIO);CABO ELETRICO FLEX HEPR 50,0MM ATOX AZUL 1KV 90º;M;0.0;0.0;0.0;0.0;0.0;0.0;0.0
K140;CABO ELETRICO LINHA1 (MAXFIO);CABO ELETRICO FLEX HEPR 50,0MM ATOX VERDE 1KV 90º;M;0.0;0.0;0.0;0.0;0.0;0.0;0.0
K141;CABO ELETRICO LINHA1 (MAXFIO);CABO ELETRICO FLEX HEPR 70,0MM ATOX VERDE 1KV 90º;M;0.0;0.0;0.0;0.0;0.0;0.0;0.0
K147;CABO ELETRICO LINHA1 (MAXFIO);CABO ELETRICO FLEX HEPR 150,0MM ATOX AZUL 1KV 90º;M;0.0;0.0;0.0;0.0;0.0;0.0;0.0
K148;CABO ELETRICO LINHA1 (MAXFIO);CABO ELETRICO FLEX HEPR 150,0MM ATOX PRETO 1KV 90º;M;0.0;0.0;0.0;0.0;0.0;0.0;0.0
K149;CABO ELETRICO LINHA1 (MAXFIO);CABO ELETRICO FLEX HEPR 185,0MM ATOX PRETO 1KV 90º;M;0.0;0.0;0.0;0.0;0.0;0.0;0.0
K150;CABO ELETRICO LINHA1 (MAXFIO);CABO ELETRICO FLEX HEPR 185,0MM ATOX AZUL 1KV 90º;M;0.0;0.0;0.0;0.0;0.0;0.0;0.0
K152;CABO ELETRICO LINHA1 (MAXFIO);CABO ELETRICO FLEX HEPR 16,0MM ATOX PRETO 1KV 90º;M;0.0;0.0;0.0;0.0;0.0;0.0;0.0
K153;CABO ELETRICO LINHA1 (MAXFIO);CABO ELETRICO FLEX HEPR 25,0MM ATOX PRETO 1KV 90º;M;0.0;0.0;0.0;0.0;0.0;0.0;0.0
F168;CABO ELETRICO LINHA1 (MAXFIO);CABO ELETRICO FLEX 0,50MM AZUL BIC MAXFIO 100M;RL;0.0;0.0;0.0;0.0;0.0;0.0;0.0
F169;CABO ELETRICO LINHA1 (MAXFIO);CABO ELETRICO FLEX 0,50MM BRANCO MAXFIO 100M;RL;0.0;0.0;0.0;0.0;0.0;0.0;0.0
F170;CABO ELETRICO LINHA1 (MAXFIO);CABO ELETRICO FLEX 0,50MM VERMELHO MAXFIO 100M;RL;0.0;0.0;0.0;0.0;0.0;0.0;0.0
F180;CABO ELETRICO LINHA1 (MAXFIO);CABO ELETRICO FLEX 0,50MM PRETO MAXFIO 100M;RL;0.0;0.0;0.0;0.0;0.0;0.0;0.0
F181;CABO ELETRICO LINHA1 (MAXFIO);CABO ELETRICO FLEX 0,50MM VERDE MAXFIO 100M;RL;0.0;0.0;0.0;0.0;0.0;0.0;0.0
F170B;CABO ELETRICO LINHA1 (MAXFIO);CABO ELETRICO FLEX 0,50MM VERMELHO MAXFIO METRO (BOBINA);M;0.0;0.0;0.0;0.0;0.0;0.0;0.0
F169B;CABO ELETRICO LINHA1 (MAXFIO);CABO ELETRICO FLEX 0,50MM BRANCO MAXFIO METRO (BOBINA);M;0.0;0.0;0.0;0.0;0.0;0.0;0.0
F199;CABO ELETRICO LINHA1 (MAXFIO);CABO ELETRICO FLEX 0,50MM ROXO MAXFIO 100M;RL;0.0;0.0;0.0;0.0;0.0;0.0;0.0
F234;CABO ELETRICO LINHA1 (MAXFIO);CABO ELETRICO FLEX 0,50MM LARANJA MAXFIO RL;RL;0.0;0.0;0.0;0.0;0.0;0.0;0.0
F181B;CABO ELETRICO LINHA1 (MAXFIO);CABO ELETRICO FLEX 0,50MM VERDE MAXFIO METRO (BOBINA);M;0.0;0.0;0.0;0.0;0.0;0.0;0.0
F193B;CABO ELETRICO LINHA1 (MAXFIO);CABO ELETRICO FLEX 0,50MM MARROM MAXFIO METRO (BOBINA);M;0.0;0.0;0.0;0.0;0.0;0.0;0.0
F194B;CABO ELETRICO LINHA1 (MAXFIO);CABO ELETRICO FLEX 0,50MM AMARELO MAXFIO METRO BOBINA;M;0.0;0.0;0.0;0.0;0.0;0.0;0.0
F189;CABO ELETRICO LINHA1 (MAXFIO);CABO ELETRICO FLEX 0,75MM AMARELO MAXFIO 100M;RL;89.18205128205128;0.614;0.0;1.0;0.0;0.0;1.6273
F190;CABO ELETRICO LINHA1 (MAXFIO);CABO ELETRICO FLEX 0,75MM VERDE MAXFIO 100M;RL;89.18205128205128;0.614;0.0;1.0;0.0;0.0;1.6273
F191;CABO ELETRICO LINHA1 (MAXFIO);CABO ELETRICO FLEX 0,75MM CINZA MAXFIO 100M;RL;89.18205128205128;0.614;0.0;1.0;0.0;0.0;1.6273
F171B;CABO ELETRICO LINHA1 (MAXFIO);CABO ELETRICO FLEX 0,75MM PRETO MAXFIO METRO (BOBINA);M;0.8918205128205128;0.00614;0.0;0.01;0.0;0.0;0.016273
F185B;CABO ELETRICO LINHA1 (MAXFIO);CABO ELETRICO FLEX 0,75MM MARROM MAXFIO METRO (BOBINA);M;0.8918205128205128;0.00614;0.0;0.01;0.0;0.0;0.016273
F188B;CABO ELETRICO LINHA1 (MAXFIO);CABO ELETRICO FLEX 0,75MM VERMELHO MAXFIO METRO (BOBINA);M;0.8918205128205128;0.00614;0.0;0.01;0.0;0.0;0.016273
F189B;CABO ELETRICO LINHA1 (MAXFIO);CABO ELETRICO FLEX 0,75MM AMARELO MAXFIO 100M (BOBINA);M;0.8918205128205128;0.00614;0.0;0.01;0.0;0.0;0.016273
F259;CABO ELETRICO LINHA1 (MAXFIO);CABO ELETRICO FLEX 0,75MM AZUL MAXFIO 100M;RL;89.18205128205128;0.614;0.0;1.0;0.0;0.0;1.6273
F259B;CABO ELETRICO LINHA1 (MAXFIO);CABO ELETRICO FLEX 0,75MM AZUL MAXFIO METRO (BOBINA);M;0.8918205128205128;0.00614;0.0;0.01;0.0;0.0;0.016273
F191B;CABO ELETRICO LINHA1 (MAXFIO);CABO ELETRICO FLEX 0,75MM CINZA MAXFIO METRO (BOBINA);M;0.8918205128205128;0.00614;0.0;0.01;0.0;0.0;0.016273
F031;CABO ELETRICO LINHA1 (MAXFIO);CABO ELETRICO FLEX 1,0MM PRETO MAXFIO 450/750V NBR427 100M;RL;0.0;0.0;0.0;0.0;0.0;0.0;0.0
F031B;CABO ELETRICO LINHA1 (MAXFIO);CABO ELETRICO FLEX 1,0MM PRETO MAXFIO 450/750V NBR247 METRO (BOBINA);M;0.0;0.0;0.0;0.0;0.0;0.0;0.0
F043;CABO ELETRICO LINHA1 (MAXFIO);CABO ELETRICO FLEXIVEL 35,0MM PRETO MAXFIO# 100M;RL;0.0;0.0;0.0;0.0;0.0;0.0;0.0
F047;CABO ELETRICO LINHA1 (MAXFIO);CABO ELETRICO FLEXIVEL 35,0MM AZUL MAXFIO# 100M;RL;0.0;0.0;0.0;0.0;0.0;0.0;0.0
F048;CABO ELETRICO LINHA1 (MAXFIO);CABO ELETRICO FLEXIVEL 35,0MM VERMELHO MAXFIO# 100M;RL;0.0;0.0;0.0;0.0;0.0;0.0;0.0
F043B;CABO ELETRICO LINHA1 (MAXFIO);CABO ELETRICO FLEXIVEL 35,0MM PRETO MAXFIO# METRO (BOBINA);M;0.0;0.0;0.0;0.0;0.0;0.0;0.0
F047B;CABO ELETRICO LINHA1 (MAXFIO);CABO ELETRICO FLEXIVEL 35,0MM AZUL MAXFIO# 100M;M;0.0;0.0;0.0;0.0;0.0;0.0;0.0
F048B;CABO ELETRICO LINHA1 (MAXFIO);CABO ELETRICO FLEXIVEL 35,0MM VERMELHO MAXFIO# 100M;M;0.0;0.0;0.0;0.0;0.0;0.0;0.0
PP034B;CABO ELETRICO LINHA1 (MAXFIO);CABO DE CONTROLE 2X1,0MM PRETO MAXFIO# METRO (BOBINA);M;0.0;0.0;0.0;0.0;0.0;0.0;0.0
PP036B;CABO ELETRICO LINHA1 (MAXFIO);CABO DE CONTROLE 5X2,5MM PRETO MAXFIO METRO;M;0.0;0.0;0.0;0.0;0.0;0.0;0.0
PP050B;CABO ELETRICO LINHA1 (MAXFIO);CABO DE CONTROLE 2X0,75MM PRETO MAXFIO METRO (BOBINA);M;0.0;0.0;0.0;0.0;0.0;0.0;0.0
PP051B;CABO ELETRICO LINHA1 (MAXFIO);CABO DE CONTROLE 3X0,75MM PRETO MAXFIO METRO;M;0.0;0.0;0.0;0.0;0.0;0.0;0.0
PP062B;CABO ELETRICO LINHA1 (MAXFIO);CABO DE CONTROLE 3X1,0MM PRETO MAXFIO# METRO (BOBINA);M;2.3899999999999997;0.018;0.0;0.0396;0.0;0.0;0.0576
PP065B;CABO ELETRICO LINHA1 (MAXFIO);CABO DE CONTROLE 5X1,0MM PRETO MAXFIO# METRO (BOBINA);M;0.0;0.0;0.0;0.0;0.0;0.0;0.0
PP006;CABO ELETRICO LINHA1 (MAXFIO);CABO DE CONTROLE 2X6,0MM PRETO MAXFIO# 100M;RL;0.0;6.16;0.0;16.34;0.0;0.0;26.523
PP004B;CABO ELETRICO LINHA1 (MAXFIO);CABO DE CONTROLE 3X1,5MM PRETO MAXFIO# METRO (BOBINA);M;4.365384615384616;0.034;0.0;0.07;0.0;0.0;0.10400000000000001
PP004;CABO ELETRICO LINHA1 (MAXFIO);CABO DE CONTROLE 3X1,5MM PRETO MAXFIO# 100M;RL;436.53846153846155;3.4;0.0;7.0;0.0;0.0;10.4
PP038B;CABO ELETRICO LINHA1 (MAXFIO);CABO DE CONTROLE 3X0,50MM PRETO MAXFIO METRO;M;0.0;0.0;0.0;0.0;0.0;0.0;0.0
PP058B;CABO ELETRICO LINHA1 (MAXFIO);CABO DE CONTROLE PP 4X10,0MM PRETO MAXFIO METRO (BOBINA);M;0.0;0.0;0.0;0.0;0.0;0.0;0.0
PP063B;CABO ELETRICO LINHA1 (MAXFIO);CABO DE CONTROLE PP 3X10,0MM PRETO MAXFIO# METRO (BOBINA);M;0.0;0.0;0.0;0.0;0.0;0.0;0.0
PP040B;CABO ELETRICO LINHA1 (MAXFIO);CABO DE CONTROLE 3X6,0MM PRETO MAXFIO# METRO (BOBINA);M;0.0;0.0;0.0;0.0;0.0;0.0;0.0
PP035B;CABO ELETRICO LINHA1 (MAXFIO);CABO DE CONTROLE 4X1,0MM PRETO MAXFIO METRO;M;0.0;0.0;0.0;0.0;0.0;0.0;0.0
PP044B;CABO ELETRICO LINHA1 (MAXFIO);CABO DE CONTROLE 4X0,75MM PRETO MAXFIO# METRO (BOBINA);M;0.0;0.0;0.0;0.0;0.0;0.0;0.0
PP052B;CABO ELETRICO LINHA1 (MAXFIO);CABO DE CONTROLE 4X0,50MM PRETO MAXFIO# METRO (BOBINA);M;0.0;0.0;0.0;0.0;0.0;0.0;0.0
PP037B;CABO ELETRICO LINHA1 (MAXFIO);CABO DE CONTROLE 4X2,5MM PRETO MAXFIO METRO;M;0.0;0.0;0.0;0.0;0.0;0.0;0.0
PP043B;CABO ELETRICO LINHA1 (MAXFIO);CABO DE CONTROLE 4X1,5MM PRETO MAXFIO# METRO (BOBINA);M;0.0;0.0;0.0;0.0;0.0;0.0;0.0
PP059B;CABO ELETRICO LINHA1 (MAXFIO);CABO DE CONTROLE 4X16,0MM PRETO MAXFIO METRO;M;0.0;0.0;0.0;0.0;0.0;0.0;0.0
PP060B;CABO ELETRICO LINHA1 (MAXFIO);CABO DE CONTROLE PP 6X4,0MM PRETO MAXFIO METRO (BOBINA);M;0.0;0.0;0.0;0.0;0.0;0.0;0.0
PP066B;CABO ELETRICO LINHA1 (MAXFIO);CABO DE CONTROLE 4X6,0MM PRETO MAXFIO METRO;M;0.0;0.0;0.0;0.0;0.0;0.0;0.0
PP067B;CABO ELETRICO LINHA1 (MAXFIO);CABO DE CONTROLE 7X1,0MM PRETO MAXFIO# METRO (BOBINA);M;0.0;0.0;0.0;0.0;0.0;0.0;0.0
PP073B;CABO ELETRICO LINHA1 (MAXFIO);CABO DE CONTROLE 7X2,5MM PRETO MAXFIO# METRO (BOBINA);M;0.0;0.0;0.0;0.0;0.0;0.0;0.0
PP076B;CABO ELETRICO LINHA1 (MAXFIO);CABO DE CONTROLE 2X10,0MM PRETO MAXFIO# METRO (BOBINA);M;0.0;0.0;0.0;0.0;0.0;0.0;0.0
K106;CABO ELETRICO LINHA1 (MAXFIO);CABO ELETRICO FLEX HEPR 35,0MM ATOX PRETO 1KV 90º;M;0.0;0.0;0.0;0.0;0.0;0.0;0.0
K117;CABO ELETRICO LINHA1 (MAXFIO);CABO ELETRICO FLEX HEPR 2,5MM ATOX PRETO 1KV 90º;M;2.253928170731707;0.02;0.0;0.01;0.0;0.0;0.030133
K118;CABO ELETRICO LINHA1 (MAXFIO);CABO ELETRICO FLEX HEPR 2,5MM ATOX VERMELHO 1KV 90º;M;2.253928170731707;0.02;0.0;0.01;0.0;0.0;0.030133
K119;CABO ELETRICO LINHA1 (MAXFIO);CABO ELETRICO FLEX HEPR 2,5MM ATOX VERDE 1KV 90º;M;2.253928170731707;0.02;0.0;0.01;0.0;0.0;0.030133
K120;CABO ELETRICO LINHA1 (MAXFIO);CABO ELETRICO FLEX HEPR 10,0MM ATOX PRETO 1KV 90º;M;0.0;0.0;0.0;0.0;0.0;0.0;0.0
K129;CABO ELETRICO LINHA1 (MAXFIO);CABO ELETRICO FLEX HEPR 16,0MM ATOX VERDE 1KV 90º;M;0.0;0.0;0.0;0.0;0.0;0.0;0.0
K130;CABO ELETRICO LINHA1 (MAXFIO);CABO ELETRICO FLEX HEPR 16,0MM ATOX BRANCO 1KV 90º;M;0.0;0.0;0.0;0.0;0.0;0.0;0.0
K131;CABO ELETRICO LINHA1 (MAXFIO);CABO ELETRICO FLEX HEPR 16,0MM ATOX AZUL 1KV 90º;M;0.0;0.0;0.0;0.0;0.0;0.0;0.0
K134;CABO ELETRICO LINHA1 (MAXFIO);CABO ELETRICO FLEX HEPR 10,0MM ATOX PRETO 1KV 90º;M;0.0;0.0;0.0;0.0;0.0;0.0;0.0
K135;CABO ELETRICO LINHA1 (MAXFIO);CABO ELETRICO FLEX HEPR 10,0MM ATOX AZUL 1KV 90º;M;0.0;0.0;0.0;0.0;0.0;0.0;0.0
K142;CABO ELETRICO LINHA1 (MAXFIO);CABO ELETRICO FLEX HEPR 95,0MM ATOX VERDE 1KV 90º;M;0.0;0.0;0.0;0.0;0.0;0.0;0.0
K143;CABO ELETRICO LINHA1 (MAXFIO);CABO ELETRICO FLEX HEPR 95,0MM ATOX PRETO 1KV 90º;M;0.0;0.0;0.0;0.0;0.0;0.0;0.0
K144;CABO ELETRICO LINHA1 (MAXFIO);CABO ELETRICO FLEX HEPR 95,0MM ATOX AZUL 1KV 90º;M;0.0;0.0;0.0;0.0;0.0;0.0;0.0
K145;CABO ELETRICO LINHA1 (MAXFIO);CABO ELETRICO FLEX HEPR 120,0MM ATOX PRETO 1KV 90º;M;0.0;0.0;0.0;0.0;0.0;0.0;0.0
K146;CABO ELETRICO LINHA1 (MAXFIO);CABO ELETRICO FLEX HEPR 120,0MM ATOX AZUL 1KV 90º;M;0.0;0.0;0.0;0.0;0.0;0.0;0.0
K154;CABO ELETRICO LINHA1 (MAXFIO);CABO ELETRICO FLEX HEPR 70,0MM ATOX PRETO 1KV 90º;M;0.0;0.0;0.0;0.0;0.0;0.0;0.0
PP071B;CABO ELETRICO LINHA1 (MAXFIO);CABO DE CONTROLE PP 4X1,5MM BRANCO MAXFIO METRO (BOBINA);M;0.0;0.0;0.0;0.0;0.0;0.0;0.0
PP072B;CABO ELETRICO LINHA1 (MAXFIO);CABO DE CONTROLE PP 5X1,5MM BRANCO MAXFIO METRO (BOBINA);M;0.0;0.0;0.0;0.0;0.0;0.0;0.0
PP083B;CABO ELETRICO LINHA1 (MAXFIO);CABO DE CONTROLE PP 3X1,5MM BRANCO MAXFIO METRO (BOBINA);M;4.365384615384616;0.034;0.0;0.07;0.0;0.0;0.10400000000000001
PP104B;CABO ELETRICO LINHA1 (MAXFIO);CABO DE CONTROLE 7X2,5MM 1KV PRETO MAXFIO# METRO (BOBINA);M;0.0;0.0;0.0;0.0;0.0;0.0;0.0
F193;CABO ELETRICO LINHA1 (MAXFIO);CABO ELETRICO FLEX 0,50MM MARROM MAXFIO 100M;RL;0.0;0.0;0.0;0.0;0.0;0.0;0.0
F194;CABO ELETRICO LINHA1 (MAXFIO);CABO ELETRICO FLEX 0,50MM AMARELO MAXFIO 100M;RL;0.0;0.0;0.0;0.0;0.0;0.0;0.0
F196;CABO ELETRICO LINHA1 (MAXFIO);CABO ELETRICO FLEX 0,50MM CINZA MAXFIO 100M;RL;0.0;0.0;0.0;0.0;0.0;0.0;0.0
F196B;CABO ELETRICO LINHA1 (MAXFIO);CABO ELETRICO FLEX 0,50MM CINZA MAXFIO METRO (BOBINA);M;0.0;0.0;0.0;0.0;0.0;0.0;0.0
F180B;CABO ELETRICO LINHA1 (MAXFIO);CABO ELETRICO FLEX 0,50MM PRETO MAXFIO METRO (BOBINA);M;0.0;0.0;0.0;0.0;0.0;0.0;0.0
F171;CABO ELETRICO LINHA1 (MAXFIO);CABO ELETRICO FLEX 0,75MM PRETO MAXFIO 100M;RL;89.18205128205128;0.614;0.0;1.0;0.0;0.0;1.6273
F182;CABO ELETRICO LINHA1 (MAXFIO);CABO ELETRICO FLEX 0,75MM AZUL BIC MAXFIO 100M;RL;89.18205128205128;0.614;0.0;1.0;0.0;0.0;1.6273
F183;CABO ELETRICO LINHA1 (MAXFIO);CABO ELETRICO FLEX 0,75MM BRANCO MAXFIO 100M;RL;89.18205128205128;0.614;0.0;1.0;0.0;0.0;1.6273
F185;CABO ELETRICO LINHA1 (MAXFIO);CABO ELETRICO FLEX 0,75MM MARROM MAXFIO 100M;RL;89.18205128205128;0.614;0.0;1.0;0.0;0.0;1.6273
F188;CABO ELETRICO LINHA1 (MAXFIO);CABO ELETRICO FLEX 0,75MM VERMELHO MAXFIO 100M;RL;89.18205128205128;0.614;0.0;1.0;0.0;0.0;1.6273
F182B;CABO ELETRICO LINHA1 (MAXFIO);CABO ELETRICO FLEX 0,75MM AZUL BIC MAXFIO METRO (BOBINA);M;0.8918205128205128;0.00614;0.0;0.01;0.0;0.0;0.016273
F183B;CABO ELETRICO LINHA1 (MAXFIO);CABO ELETRICO FLEX 0,75MM BRANCO MAXFIO METRO (BOBINA);M;0.8918205128205128;0.00614;0.0;0.01;0.0;0.0;0.016273
F190B;CABO ELETRICO LINHA1 (MAXFIO);CABO ELETRICO FLEX 0,75MM VERDE MAXFIO METRO BOBINA;M;0.8918205128205128;0.00614;0.0;0.01;0.0;0.0;0.016273
F206;CABO ELETRICO LINHA1 (MAXFIO);CABO ELETRICO FLEX 0,75MM LARANJA MAXFIO 100M;RL;89.18205128205128;0.614;0.0;1.0;0.0;0.0;1.6273
F236;CABO ELETRICO LINHA1 (MAXFIO);CABO ELETRICO FLEX 0,75MM LILÁS MAXFIO 100M;RL;89.18205128205128;0.614;0.0;1.0;0.0;0.0;1.6273
F032;CABO ELETRICO LINHA1 (MAXFIO);CABO ELETRICO FLEX 1,0MM VERMELHO MAXFIO 450/750V NBR427 100M;RL;0.0;0.0;0.0;0.0;0.0;0.0;0.0
F032B;CABO ELETRICO LINHA1 (MAXFIO);CABO ELETRICO FLEX 1,0MM VERMELHO MAXFIO 450/750V NBR247 METRO (BOBINA);M;0.0;0.0;0.0;0.0;0.0;0.0;0.0
F033;CABO ELETRICO LINHA1 (MAXFIO);CABO ELETRICO FLEX 1,0MM AMARELO MAXFIO 450/750V NBR427 100M;RL;0.0;0.0;0.0;0.0;0.0;0.0;0.0
F033B;CABO ELETRICO LINHA1 (MAXFIO);CABO ELETRICO FLEX 1,0MM AMARELO MAXFIO 450/750V NBR247 METRO (BOBINA);M;0.0;0.0;0.0;0.0;0.0;0.0;0.0
F034;CABO ELETRICO LINHA1 (MAXFIO);CABO ELETRICO FLEX 1,0MM VERDE MAXFIO 450/750V NBR427 100M;RL;0.0;0.0;0.0;0.0;0.0;0.0;0.0
F195;CABO ELETRICO LINHA1 (MAXFIO);CABO ELETRICO FLEX 1,0MM CINZA MAXFIO 450/750V NBR427 100M;RL;0.0;0.0;0.0;0.0;0.0;0.0;0.0
F198;CABO ELETRICO LINHA1 (MAXFIO);CABO ELETRICO FLEX 1,0MM LARANJA MAXFIO 450/750V NBR427 100M;RL;0.0;0.0;0.0;0.0;0.0;0.0;0.0
F198B;CABO ELETRICO LINHA1 (MAXFIO);CABO ELETRICO FLEX 1,0MM LARANJA MAXFIO 450/750V NBR247 METRO (BOBINA);M;0.0;0.0;0.0;0.0;0.0;0.0;0.0
F195B;CABO ELETRICO LINHA1 (MAXFIO);CABO ELETRICO FLEX 1,0MM CINZA MAXFIO 450/750V NBR427 METRO(BOBINA);M;0.0;0.0;0.0;0.0;0.0;0.0;0.0
F172;CABO ELETRICO LINHA1 (MAXFIO);CABO ELETRICO FLEX 1,0MM LILÁS MAXFIO 100M;RL;0.0;0.0;0.0;0.0;0.0;0.0;0.0
F003B;CABO ELETRICO LINHA1 (MAXFIO);CABO ELETRICO FLEX 1,5MM AMARELO MAXFIO 450/750V NBR247 METRO (BOBINA);M;1.4471219512195121;0.01228;0.0;0.009000000000000001;0.0;0.0;0.021413
F001B;CABO ELETRICO LINHA1 (MAXFIO);CABO ELETRICO FLEX 1,5MM PRETO MAXFIO 450/750V NBR247 METRO (BOBINA);M;1.4471219512195121;0.01228;0.0;0.009000000000000001;0.0;0.0;0.021413
F002B;CABO ELETRICO LINHA1 (MAXFIO);CABO ELETRICO FLEX 1,5MM VERMELHO MAXFIO 450/750V NBR247 METRO (BOBINA);M;1.4471219512195121;0.01228;0.0;0.009000000000000001;0.0;0.0;0.021413
F004B;CABO ELETRICO LINHA1 (MAXFIO);CABO ELETRICO FLEX 1,5MM VERDE MAXFIO 450/750V NBR247 METRO (BOBINA);M;1.4471219512195121;0.01228;0.0;0.009000000000000001;0.0;0.0;0.021413
F005B;CABO ELETRICO LINHA1 (MAXFIO);CABO ELETRICO FLEX 1,5MM AZUL MAXFIO 450/750V NBR247 METRO (BOBINA);M;1.4471219512195121;0.01228;0.0;0.009000000000000001;0.0;0.0;0.021413
F004M;CABO ELETRICO LINHA1 (MAXFIO);CABO ELETRICO FLEX 1,5MM VERDE MAXFIO 450/750V NBR427 50M;RL;144.71219512195123;1.228;0.0;0.9;0.0;0.0;2.1413
F005M;CABO ELETRICO LINHA1 (MAXFIO);CABO ELETRICO FLEX 1,5MM AZUL MAXFIO 450/750V NBR427 50M;RL;144.71219512195123;1.228;0.0;0.9;0.0;0.0;2.1413
F001M;CABO ELETRICO LINHA1 (MAXFIO);CABO ELETRICO FLEX 1,5MM PRETO MAXFIO 450/750V NBR247 50M;RL;144.71219512195123;1.228;0.0;0.9;0.0;0.0;2.1413
F006M;CABO ELETRICO LINHA1 (MAXFIO);CABO ELETRICO FLEX 1,5MM BRANCO MAXFIO 450/750V NBR427 50M;RL;144.71219512195123;1.228;0.0;0.9;0.0;0.0;2.1413
F244;CABO ELETRICO LINHA1 (MAXFIO);CABO ELETRICO FLEX 1,5MM LILÁS MAXFIO 100M;RL;144.71219512195123;1.228;0.0;0.9;0.0;0.0;2.1413
F030;CABO ELETRICO LINHA1 (MAXFIO);CABO ELETRICO FLEX 10,0MM BRANCO MAXFIO 450/750V NBR247 100M;RL;0.0;0.0;0.0;0.0;0.0;0.0;0.0
F029;CABO ELETRICO LINHA1 (MAXFIO);CABO ELETRICO FLEX 10,0MM AZUL MAXFIO 450/750V NBR247 100M;RL;0.0;0.0;0.0;0.0;0.0;0.0;0.0
F025;CABO ELETRICO LINHA1 (MAXFIO);CABO ELETRICO FLEX 10,0MM PRETO MAXFIO 450/750V NBR247 100M;RL;0.0;0.0;0.0;0.0;0.0;0.0;0.0
F026;CABO ELETRICO LINHA1 (MAXFIO);CABO ELETRICO FLEX 10,0MM VERMELHO MAXFIO 450/750V NBR247 100M;RL;0.0;0.0;0.0;0.0;0.0;0.0;0.0
F027;CABO ELETRICO LINHA1 (MAXFIO);CABO ELETRICO FLEX 10,0MM AMARELO MAXFIO 450/750V NBR247 100M;RL;0.0;0.0;0.0;0.0;0.0;0.0;0.0
F030B;CABO ELETRICO LINHA1 (MAXFIO);CABO ELETRICO FLEX 10,0MM BRANCO MAXFIO 450/750V NBR247 METRO (BOBINA);M;0.0;0.0;0.0;0.0;0.0;0.0;0.0
F038;CABO ELETRICO LINHA1 (MAXFIO);CABO ELETRICO FLEX 10,0MM MARROM MAXFIO 450/750V NBR247 100M;RL;0.0;0.0;0.0;0.0;0.0;0.0;0.0
F276B;CABO ELETRICO LINHA1 (MAXFIO);CABO ELETRICO FLEX ATOX 10,0MM VERMELHO 450/750V MAXFIO METRO (BOBINA);M;0.0;0.0;0.0;0.0;0.0;0.0;0.0
F277B;CABO ELETRICO LINHA1 (MAXFIO);CABO ELETRICO FLEX ATOX 10,0MM PRETO 450/750V MAXFIO METRO (BOBINA);M;0.0;0.0;0.0;0.0;0.0;0.0;0.0
F278B;CABO ELETRICO LINHA1 (MAXFIO);CABO ELETRICO FLEX ATOX 10,0MM VERDE 450/750V MAXFIO METRO (BOBINA);M;0.0;0.0;0.0;0.0;0.0;0.0;0.0
F159B;CABO ELETRICO LINHA1 (MAXFIO);CABO ELETRICO FLEX 16,0MM AZUL MAXFIO 450/750 NBR427 METRO (BOBINA);M;0.0;0.0;0.0;0.0;0.0;0.0;0.0
F161B;CABO ELETRICO LINHA1 (MAXFIO);CABO ELETRICO FLEX 16,0MM VERMELHO MAXFIO 450/750 NBR427 METRO (BOBINA);M;0.0;0.0;0.0;0.0;0.0;0.0;0.0
F158B;CABO ELETRICO LINHA1 (MAXFIO);NAO UTILIZAR;M;0.0;0.0;0.0;0.0;0.0;0.0;0.0
F044;CABO ELETRICO LINHA1 (MAXFIO);CABO ELETRICO FLEXIVEL 16,0MM VERDE MAXFIO# 100M;RL;0.0;0.0;0.0;0.0;0.0;0.0;0.0
F044B;CABO ELETRICO LINHA1 (MAXFIO);CABO ELETRICO FLEXIVEL 16,0MM VERDE MAXFIO# METRO (BOBINA);M;0.0;0.0;0.0;0.0;0.0;0.0;0.0
F008;CABO ELETRICO LINHA1 (MAXFIO);CABO ELETRICO FLEX 2,5MM VERMELHO MAXFIO 450/750V NBR247 100M;RL;225.1219512195122;2.0;0.0;1.0;0.0;0.0;3.0133
F009;CABO ELETRICO LINHA1 (MAXFIO);CABO ELETRICO FLEX 2,5MM AMARELO MAXFIO 450/750V NBR247 100M;RL;225.1219512195122;2.0;0.0;1.0;0.0;0.0;3.0133
F010;CABO ELETRICO LINHA1 (MAXFIO);CABO ELETRICO FLEX 2,5MM VERDE MAXFIO 450/750V NBR247 100M;RL;225.1219512195122;2.0;0.0;1.0;0.0;0.0;3.0133
F012;CABO ELETRICO LINHA1 (MAXFIO);CABO ELETRICO FLEX 2,5MM BRANCO MAXFIO 450/750V NBR247 100M;RL;225.1219512195122;2.0;0.0;1.0;0.0;0.0;3.0133
F007B;CABO ELETRICO LINHA1 (MAXFIO);CABO ELETRICO FLEX 2,5MM PRETO MAXFIO 450/750V NBR247 METRO (BOBINA);M;2.251219512195122;0.02;0.0;0.01;0.0;0.0;0.030133
F166B;CABO ELETRICO LINHA1 (MAXFIO);CABO ELETRICO FLEX 2,5MM CINZA MAXFIO 450/750V NBR247 METRO (BOBINA);M;2.251219512195122;0.02;0.0;0.01;0.0;0.0;0.030133
F197;CABO ELETRICO LINHA1 (MAXFIO);CABO ELETRICO FLEX 2,5MM MARROM MAXFIO 450/750V NBR247 100M;RL;225.1219512195122;2.0;0.0;1.0;0.0;0.0;3.0133
1429;CABO ELETRICO LINHA1 (MAXFIO);CABO ELETRICO FLEX 2,5MM VERMELHO MAXFIO 450/750V NBR247 100M;RL;225.1219512195122;2.0;0.0;1.0;0.0;0.0;3.0133
F197B;CABO ELETRICO LINHA1 (MAXFIO);CABO ELETRICO FLEX 2,5MM MARROM MAXFIO 450/750V NBR247 METRO (BOBINA);M;2.251219512195122;0.02;0.0;0.01;0.0;0.0;0.030133
F008M;CABO ELETRICO LINHA1 (MAXFIO);CABO ELETRICO FLEX 2,5MM VERMELHO MAXFIO 450/750V NBR247 50M;RL;225.1219512195122;2.0;0.0;1.0;0.0;0.0;3.0133
F255;CABO ELETRICO LINHA1 (MAXFIO);CABO ELETRICO FLEX 2,5MM LARANJA MAXFIO 450/750V NBR247 100M;RL;225.1219512195122;2.0;0.0;1.0;0.0;0.0;3.0133
F261B;CABO ELETRICO LINHA1 (MAXFIO);CABO ELETRICO FLEX ATOX 2,5MM PRETO 450/750V MAXFIO METRO (BOBINA);M;2.253928170731707;0.02;0.0;0.01;0.0;0.0;0.030133
F042B;CABO ELETRICO LINHA1 (MAXFIO);CABO ELETRICO FLEXIVEL 25,0MM PRETO MAXFIO# METRO (BOBINA);M;0.0;0.0;0.0;0.0;0.0;0.0;0.0
F046B;CABO ELETRICO LINHA1 (MAXFIO);CABO ELETRICO FLEXIVEL 25,0MM VERMELHO MAXFIO# METRO (BOBINA);M;0.0;0.0;0.0;0.0;0.0;0.0;0.0
F045B;CABO ELETRICO LINHA1 (MAXFIO);CABO ELETRICO FLEXIVEL 25,0MM AZUL MAXFIO# METRO (BOBINA);M;0.0;0.0;0.0;0.0;0.0;0.0;0.0
F051;CABO ELETRICO LINHA1 (MAXFIO);CABO ELETRICO FLEXIVEL 25,0MM VERDE MAXFIO# 100M;M;0.0;0.0;0.0;0.0;0.0;0.0;0.0
F051B;CABO ELETRICO LINHA1 (MAXFIO);CABO ELETRICO FLEXIVEL 25,0MM VERDE MAXFIO# METRO;M;0.0;0.0;0.0;0.0;0.0;0.0;0.0
F174;CABO ELETRICO LINHA1 (MAXFIO);CABO ELETRICO FLEXIVEL 35,0MM VERDE MAXFIO# 100M;RL;0.0;0.0;0.0;0.0;0.0;0.0;0.0
F174B;CABO ELETRICO LINHA1 (MAXFIO);CABO ELETRICO FLEXIVEL 35,0MM VERDE MAXFIO# METRO;M;0.0;0.0;0.0;0.0;0.0;0.0;0.0
F013;CABO ELETRICO LINHA1 (MAXFIO);CABO ELETRICO FLEX 4,0MM PRETO MAXFIO 450/750V NBR247 100M;RL;0.0;0.0;0.0;0.0;0.0;0.0;0.0
F014;CABO ELETRICO LINHA1 (MAXFIO);CABO ELETRICO FLEX 4,0MM VERMELHO MAXFIO 450/750V NBR247 100M;RL;0.0;0.0;0.0;0.0;0.0;0.0;0.0
F015;CABO ELETRICO LINHA1 (MAXFIO);CABO ELETRICO FLEX 4,0MM AMARELO MAXFIO 450/750V NBR247 100M;RL;0.0;0.0;0.0;0.0;0.0;0.0;0.0
F016B;CABO ELETRICO LINHA1 (MAXFIO);CABO ELETRICO FLEX 4,0MM VERDE MAXFIO 450/750V NBR247 METRO (BOBINA);M;0.0;0.0;0.0;0.0;0.0;0.0;0.0
F017B;CABO ELETRICO LINHA1 (MAXFIO);CABO ELETRICO FLEX 4,0MM AZUL MAXFIO 450/750V NBR247 METRO (BOBINA);M;0.0;0.0;0.0;0.0;0.0;0.0;0.0
F018B;CABO ELETRICO LINHA1 (MAXFIO);CABO ELETRICO FLEX 4,0MM BRANCO MAXFIO 450/750V NBR247 METRO (BOBINA);M;0.0;0.0;0.0;0.0;0.0;0.0;0.0
F235;CABO ELETRICO LINHA1 (MAXFIO);CABO ELETRICO FLEX 4,0MM CINZA MAXFIO RL;RL;0.0;0.0;0.0;0.0;0.0;0.0;0.0
F237;CABO ELETRICO LINHA1 (MAXFIO);CABO ELETRICO FLEX 4,0MM MARROM MAXFIO 450/750V NBR247 100M;RL;0.0;0.0;0.0;0.0;0.0;0.0;0.0
2112;CABO ELETRICO LINHA1 (MAXFIO);CABO ELETRICO FLEX 4,00MM VERDE MAXFIO 450/750V NBR247 50M;RL;0.0;0.0;0.0;0.0;0.0;0.0;0.0
F258;CABO ELETRICO LINHA1 (MAXFIO);CABO ELETRICO FLEX 4,0MM LILAS MAXFIO 450/750V NBR247 100M;RL;0.0;0.0;0.0;0.0;0.0;0.0;0.0
F270B;CABO ELETRICO LINHA1 (MAXFIO);CABO ELETRICO FLEX ATOX 4,0MM VERMELHO 450/750V MAXFIO METRO (BOBINA);M;0.0;0.0;0.0;0.0;0.0;0.0;0.0
F269B;CABO ELETRICO LINHA1 (MAXFIO);CABO ELETRICO FLEX ATOX 4,0MM PRETO 450/750V MAXFIO METRO (BOBINA);M;0.0;0.0;0.0;0.0;0.0;0.0;0.0
F271B;CABO ELETRICO LINHA1 (MAXFIO);CABO ELETRICO FLEX ATOX 4,0MM VERDE 450/750V MAXFIO METRO (BOBINA);M;0.0;0.0;0.0;0.0;0.0;0.0;0.0
F023;CABO ELETRICO LINHA1 (MAXFIO);CABO ELETRICO FLEX 6,0MM AZUL MAXFIO 450/750V NBR247 100M;RL;0.0;0.0;0.0;0.0;0.0;0.0;0.0
F019;CABO ELETRICO LINHA1 (MAXFIO);CABO ELETRICO FLEX 6,0MM PRETO MAXFIO 450/750V NBR247 100M;RL;0.0;0.0;0.0;0.0;0.0;0.0;0.0
F020;CABO ELETRICO LINHA1 (MAXFIO);CABO ELETRICO FLEX 6,0MM VERMELHO MAXFIO 450/750V NBR247 100M;RL;0.0;0.0;0.0;0.0;0.0;0.0;0.0
F021;CABO ELETRICO LINHA1 (MAXFIO);CABO ELETRICO FLEX 6,0MM AMARELO MAXFIO 450/750V NBR247 100M;RL;0.0;0.0;0.0;0.0;0.0;0.0;0.0
F022;CABO ELETRICO LINHA1 (MAXFIO);CABO ELETRICO FLEX 6,0MM VERDE MAXFIO 450/750V NBR247 100M;RL;0.0;0.0;0.0;0.0;0.0;0.0;0.0
F019B;CABO ELETRICO LINHA1 (MAXFIO);CABO ELETRICO FLEX 6,0MM PRETO MAXFIO 450/750V NBR247 METRO (BOBINA);M;0.0;0.0;0.0;0.0;0.0;0.0;0.0
F187;CABO ELETRICO LINHA1 (MAXFIO);CABO ELETRICO FLEX 6,0MM CINZA MAXFIO 450/750V NBR247 100M;RL;0.0;0.0;0.0;0.0;0.0;0.0;0.0
40040;CABO ELETRICO LINHA1 (MAXFIO);CABO ELETRICO FLEXIVEL 70,0MM PRETO MAXFIO 100M;RL;0.0;0.0;0.0;0.0;0.0;0.0;0.0
F072;CABO ELETRICO LINHA1 (MAXFIO);CABO ELETRICO FLEXIVEL 95,0MM PRETO 100M;RL;0.0;0.0;0.0;0.0;0.0;0.0;0.0
PL031;CABO ELETRICO LINHA1 (MAXFIO);CORDAO PARALELO POLARIZADO 2X0,50MM BRANCO MAXFIO 100M;RL;0.0;0.0;0.0;0.0;0.0;0.0;0.0
PL034;CABO ELETRICO LINHA1 (MAXFIO);CORDAO PARALELO POLARIZADO 2X0,50MM VERMELHO MAXFIO 100M;RL;0.0;0.0;0.0;0.0;0.0;0.0;0.0
PL035;CABO ELETRICO LINHA1 (MAXFIO);CORDAO PARALELO POLARIZADO 2X0,50MM AZUL MAXFIO 100M;RL;0.0;0.0;0.0;0.0;0.0;0.0;0.0
PL034B;CABO ELETRICO LINHA1 (MAXFIO);CORDAO PARALELO POLARIZADO 2X0,50MM VERMELHO MAXFIO METRO [BOBINA];M;0.0;0.0;0.0;0.0;0.0;0.0;0.0
PL035B;CABO ELETRICO LINHA1 (MAXFIO);CORDAO PARALELO POLARIZADO 2X0,50MM AZUL MAXFIO METRO [BOBINA];M;0.0;0.0;0.0;0.0;0.0;0.0;0.0
PL042B;CABO ELETRICO LINHA1 (MAXFIO);CORDAO PARALELO POLARIZADO 2X1,0MM VERMELHO/PRETO MAXFIO (BOBINA);M;0.0;0.0;0.0;0.0;0.0;0.0;0.0
PP019;CABO ELETRICO LINHA1 (MAXFIO);CABO DE CONTROLE 2X0,50MM PRETO MAXFIO# 100M;RL;0.0;0.0;0.0;0.0;0.0;0.0;0.0
PP019B;CABO ELETRICO LINHA1 (MAXFIO);CABO DE CONTROLE 2X0,50MM PRETO MAXFIO# METRO (BOBINA);M;0.0;0.0;0.0;0.0;0.0;0.0;0.0
PL022;CABO ELETRICO LINHA1 (MAXFIO);CORDAO PARALELO POLARIZADO 2X1,0MM BRANCO MAXFIO 100M;RL;0.0;0.0;0.0;0.0;0.0;0.0;0.0
PL027;CABO ELETRICO LINHA1 (MAXFIO);CORDAO PARALELO POLARIZADO 2X1,0MM PRETO MAXFIO 100M;RL;0.0;0.0;0.0;0.0;0.0;0.0;0.0
PL039;CABO ELETRICO LINHA1 (MAXFIO);CORDAO PARALELO POLARIZADO 2X1,5MM MARROM MAXFIO 100M;RL;0.0;1.54;0.0;8.46;0.0;0.0;11.023
PL036B;CABO ELETRICO LINHA1 (MAXFIO);CORDAO PARALELO 2X1,5MM PRETO MAXFIO 300V NBR247 (BOBINA);M;0.0;0.0154;0.0;0.08460000000000001;0.0;0.0;0.11023
PL039B;CABO ELETRICO LINHA1 (MAXFIO);CORDAO PARALELO POLARIZADO 2X1,5MM MARROM MAXFIO (BOBINA);M;0.0;0.0154;0.0;0.08460000000000001;0.0;0.0;0.11023
PL043;CABO ELETRICO LINHA1 (MAXFIO);CORDAO PARALELO POLARIZADO 2x1,5MM VERMELHO/PRETO MAXFIO 100M;RL;0.0;1.54;0.0;8.46;0.0;0.0;11.023
PL043B;CABO ELETRICO LINHA1 (MAXFIO);CORDAO PARALELO POLARIZADO 2X1,5MM VERMELHO/PRETO MAXFIO (BOBINA);M;0.0;0.0154;0.0;0.08460000000000001;0.0;0.0;0.11023
PL003B;CABO ELETRICO LINHA1 (MAXFIO);CORDAO PARALELO 2X4,0MM BRANCO MAXFIO 300V NBR247 METRO (BOBINA);M;7.356410256410255;0.06;0.0;0.095;0.0;0.0;0.155
PL003;CABO ELETRICO LINHA1 (MAXFIO);CORDAO PARALELO 2X4,0MM BRANCO MAXFIO 300V NBR247 100M;RL;735.6410256410255;6.0;0.0;9.5;0.0;0.0;15.5
PL044;CABO ELETRICO LINHA1 (MAXFIO);CORDAO PARALELO 2X4,0MM PRETO MAXFIO 300V NBR247 100M;RL;735.6410256410255;6.0;0.0;9.5;0.0;0.0;15.5
PP001B;CABO ELETRICO LINHA1 (MAXFIO);CABO DE CONTROLE 2X1,5MM PRETO MAXFIO# METRO (BOBINA);M;0.0;0.0154;0.0;0.08460000000000001;0.0;0.0;0.11023
PP001;CABO ELETRICO LINHA1 (MAXFIO);CABO DE CONTROLE 2X1,5MM PRETO MAXFIO# 100M;RL;0.0;1.54;0.0;8.46;0.0;0.0;11.023
PP002B;CABO ELETRICO LINHA1 (MAXFIO);CABO DE CONTROLE 2X2,5MM PRETO MAXFIO# METRO (BOBINA);M;0.0;0.026400000000000003;0.0;0.09962;0.0;0.0;0.14625
PP002;CABO ELETRICO LINHA1 (MAXFIO);CABO DE CONTROLE 2X2,5MM PRETO MAXFIO# 100M;RL;0.0;2.64;0.0;9.962;0.0;0.0;14.625
PP003B;CABO ELETRICO LINHA1 (MAXFIO);CABO DE CONTROLE 2X4,0MM PRETO MAXFIO# METRO (BOBINA);M;7.356410256410255;0.06;0.0;0.095;0.0;0.0;0.155
PP003;CABO ELETRICO LINHA1 (MAXFIO);CABO DE CONTROLE 2X4,0MM PRETO MAXFIO# 100M;RL;735.6410256410255;6.0;0.0;9.5;0.0;0.0;15.5
PP006B;CABO ELETRICO LINHA1 (MAXFIO);CABO DE CONTROLE 2X6,0MM PRETO MAXFIO# METRO (BOBINA);M;0.0;0.0616;0.0;0.1634;0.0;0.0;0.26523
PP078B;CABO ELETRICO LINHA1 (MAXFIO);CABO DE CONTROLE PP 3X16,0MM PRETO MAXFIO# METRO (BOBINA);M;0.0;0.0;0.0;0.0;0.0;0.0;0.0
PP005B;CABO ELETRICO LINHA1 (MAXFIO);CABO DE CONTROLE 3X2,5MM PRETO MAXFIO# METRO (BOBINA);M;0.0;0.0396;0.0;0.1277;0.0;0.0;0.22753
PP005;CABO ELETRICO LINHA1 (MAXFIO);CABO DE CONTROLE 3X2,5MM PRETO MAXFIO# 100M;RL;0.0;3.96;0.0;12.77;0.0;0.0;22.753
PP018;CABO ELETRICO LINHA1 (MAXFIO);CABO DE CONTROLE 3X4,0MM PRETO MAXFIO# 100M;RL;0.0;0.0;0.0;0.0;0.0;0.0;0.0
PP018B;CABO ELETRICO LINHA1 (MAXFIO);CABO DE CONTROLE 3X4,0MM PRETO MAXFIO# METRO (BOBINA);M;0.0;0.0;0.0;0.0;0.0;0.0;0.0
PP046B;CABO ELETRICO LINHA1 (MAXFIO);CABO DE CONTROLE 5X1,5MM PRETO MAXFIO METRO;M;0.0;0.0;0.0;0.0;0.0;0.0;0.0
PP046;CABO ELETRICO LINHA1 (MAXFIO);CABO DE CONTROLE PP 5X1,5MM PRETO 1KV MAXFIO 100M RL;RL;0.0;0.0;0.0;0.0;0.0;0.0;0.0
PP039B;CABO ELETRICO LINHA1 (MAXFIO);CABO DE CONTROLE 4X4,0MM PRETO MAXFIO# METRO (BOBINA);M;0.0;0.0;0.0;0.0;0.0;0.0;0.0
PP056B;CABO ELETRICO LINHA1 (MAXFIO);CABO DE CONTROLE 6X1,0MM PRETO MAXFIO METRO;M;0.0;0.0;0.0;0.0;0.0;0.0;0.0
PP057B;CABO ELETRICO LINHA1 (MAXFIO);CABO DE CONTROLE 6X1,5MM PRETO MAXFIO METRO;M;0.0;0.0;0.0;0.0;0.0;0.0;0.0
PP077B;CABO ELETRICO LINHA1 (MAXFIO);CABO DE CONTROLE 6X1,5MM BRANCO MAXFIO METRO;M;0.0;0.0;0.0;0.0;0.0;0.0;0.0
1976;CABO ELETRICO LINHA1 (MAXFIO);CABO DE CONTROLE 7X1,0MM PRETO MAXFIO# METRO (BOBINA);M;0.0;0.0;0.0;0.0;0.0;0.0;0.0
F034B;CABO ELETRICO LINHA1 (MAXFIO);CABO ELETRICO FLEX 1,0MM VERDE MAXFIO 450/750V NBR247 METRO (BOBINA);M;0.0;0.0;0.0;0.0;0.0;0.0;0.0
F035;CABO ELETRICO LINHA1 (MAXFIO);CABO ELETRICO FLEX 1,0MM AZUL BIC MAXFIO 450/750V NBR427 100M;RL;0.0;0.0;0.0;0.0;0.0;0.0;0.0
F035B;CABO ELETRICO LINHA1 (MAXFIO);CABO ELETRICO FLEX 1,0MM AZUL BIC MAXFIO 450/750V NBR247 METRO (BOBINA);M;0.0;0.0;0.0;0.0;0.0;0.0;0.0
F036;CABO ELETRICO LINHA1 (MAXFIO);CABO ELETRICO FLEX 1,0MM BRANCO MAXFIO 450/750V NBR427 100M;RL;0.0;0.0;0.0;0.0;0.0;0.0;0.0
F036B;CABO ELETRICO LINHA1 (MAXFIO);CABO ELETRICO FLEX 1,0MM BRANCO MAXFIO 450/750V NBR247 METRO (BOBINA);M;0.0;0.0;0.0;0.0;0.0;0.0;0.0
F037;CABO ELETRICO LINHA1 (MAXFIO);CABO ELETRICO FLEXIVEL 1,0MM MARROM MAXFIO* 100M;RL;0.0;0.0;0.0;0.0;0.0;0.0;0.0
F006;CABO ELETRICO LINHA1 (MAXFIO);CABO ELETRICO FLEX 1,5MM BRANCO MAXFIO 450/750V NBR427 100M;RL;144.71219512195123;1.228;0.0;0.9;0.0;0.0;2.1413
F005;CABO ELETRICO LINHA1 (MAXFIO);CABO ELETRICO FLEX 1,5MM AZUL MAXFIO 450/750V NBR427 100M;RL;144.71219512195123;1.228;0.0;0.9;0.0;0.0;2.1413
F004;CABO ELETRICO LINHA1 (MAXFIO);CABO ELETRICO FLEX 1,5MM VERDE MAXFIO 450/750V NBR427 100M;RL;144.71219512195123;1.228;0.0;0.9;0.0;0.0;2.1413
F001;CABO ELETRICO LINHA1 (MAXFIO);CABO ELETRICO FLEX 1,5MM PRETO MAXFIO 450/750V NBR247 100M;RL;144.71219512195123;1.228;0.0;0.9;0.0;0.0;2.1413
F002;CABO ELETRICO LINHA1 (MAXFIO);CABO ELETRICO FLEX 1,5MM VERMELHO MAXFIO 450/750V NBR427 100M;RL;144.71219512195123;1.228;0.0;0.9;0.0;0.0;2.1413
F003;CABO ELETRICO LINHA1 (MAXFIO);CABO ELETRICO FLEX 1,5MM AMARELO MAXFIO 450/750V NBR427 100M;RL;144.71219512195123;1.228;0.0;0.9;0.0;0.0;2.1413
F006B;CABO ELETRICO LINHA1 (MAXFIO);CABO ELETRICO FLEX 1,5MM BRANCO MAXFIO 450/750V NBR247 METRO (BOBINA);M;1.4471219512195121;0.01228;0.0;0.009000000000000001;0.0;0.0;0.021413
F150;CABO ELETRICO LINHA1 (MAXFIO);CABO ELETRICO FLEXIVEL 1,5MM CINZA MAXFIO# 100M;RL;144.71219512195123;1.228;0.0;0.9;0.0;0.0;2.1413
F150B;CABO ELETRICO LINHA1 (MAXFIO);CABO ELETRICO FLEXIVEL 1,5MM CINZA MAXFIO# METRO (BOBINA);M;1.4471219512195121;0.01228;0.0;0.009000000000000001;0.0;0.0;0.021413
F192;CABO ELETRICO LINHA1 (MAXFIO);CABO ELETRICO FLEX 1,5MM MARROM MAXFIO 450/750V NBR247 100M;RL;144.71219512195123;1.228;0.0;0.9;0.0;0.0;2.1413
F002M;CABO ELETRICO LINHA1 (MAXFIO);CABO ELETRICO FLEX 1,5MM VERMELHO MAXFIO 450/750V NBR427 50M;RL;144.71219512195123;1.228;0.0;0.9;0.0;0.0;2.1413
F003M;CABO ELETRICO LINHA1 (MAXFIO);CABO ELETRICO FLEX 1,5MM AMARELO MAXFIO 450/750V NBR427 50M;RL;144.71219512195123;1.228;0.0;0.9;0.0;0.0;2.1413
F254;CABO ELETRICO LINHA1 (MAXFIO);CABO ELETRICO FLEX 1,5MM ROSA MAXFIO 450/750V NBR427 100M;RL;144.71219512195123;1.228;0.0;0.9;0.0;0.0;2.1413
F257;CABO ELETRICO LINHA1 (MAXFIO);CABO ELETRICO FLEX 1,5MM LARANJA MAXFIO 450/750V NBR247 100M;RL;144.71219512195123;1.228;0.0;0.9;0.0;0.0;2.1413
F265B;CABO ELETRICO LINHA1 (MAXFIO);CABO ELETRICO FLEX ATOX 1,5MM AZUL 450/750V MAXFIO METRO (BOBINA);M;1.4498306097560976;0.01228;0.0;0.009000000000000001;0.0;0.0;0.021413
F266B;CABO ELETRICO LINHA1 (MAXFIO);CABO ELETRICO FLEX ATOX 1,5MM VERDE 450/750V MAXFIO METRO (BOBINA);M;1.4498306097560976;0.01228;0.0;0.009000000000000001;0.0;0.0;0.021413
F268B;CABO ELETRICO LINHA1 (MAXFIO);CABO ELETRICO FLEX ATOX 1,5MM VERMELHO 450/750V MAXFIO METRO (BOBINA);M;1.4498306097560976;0.01228;0.0;0.009000000000000001;0.0;0.0;0.021413
F267B;CABO ELETRICO LINHA1 (MAXFIO);CABO ELETRICO FLEX ATOX 1,5MM AMARELO 450/750V MAXFIO METRO (BOBINA);M;1.4498306097560976;0.01228;0.0;0.009000000000000001;0.0;0.0;0.021413
F028;CABO ELETRICO LINHA1 (MAXFIO);CABO ELETRICO FLEX 10,0MM VERDE MAXFIO 450/750V NBR247 100M;RL;0.0;0.0;0.0;0.0;0.0;0.0;0.0
F027B;CABO ELETRICO LINHA1 (MAXFIO);CABO ELETRICO FLEX 10,0MM AMARELO MAXFIO 450/750V NBR247 METRO (BOBINA);M;0.0;0.0;0.0;0.0;0.0;0.0;0.0
F025B;CABO ELETRICO LINHA1 (MAXFIO);CABO ELETRICO FLEX 10,0MM PRETO MAXFIO 450/750V NBR247 METRO (BOBINA);M;0.0;0.0;0.0;0.0;0.0;0.0;0.0
F026B;CABO ELETRICO LINHA1 (MAXFIO);CABO ELETRICO FLEX 10,0MM VERMELHO MAXFIO 450/750V NBR247 METRO (BOBINA);M;0.0;0.0;0.0;0.0;0.0;0.0;0.0
F028B;CABO ELETRICO LINHA1 (MAXFIO);CABO ELETRICO FLEX 10,0MM VERDE MAXFIO 450/750V NBR247 METRO (BOBINA);M;0.0;0.0;0.0;0.0;0.0;0.0;0.0
F029B;CABO ELETRICO LINHA1 (MAXFIO);CABO ELETRICO FLEX 10,0MM AZUL MAXFIO 450/750V NBR247 METRO (BOBINA);M;0.0;0.0;0.0;0.0;0.0;0.0;0.0
F041;CABO ELETRICO LINHA1 (MAXFIO);CABO ELETRICO FLEXIVEL 16,0MM PRETO MAXFIO# 100M;RL;0.0;0.0;0.0;0.0;0.0;0.0;0.0
F041B;CABO ELETRICO LINHA1 (MAXFIO);CABO ELETRICO FLEXIVEL 16,0MM PRETO MAXFIO# METRO (BOBINA);M;0.0;0.0;0.0;0.0;0.0;0.0;0.0
F158;CABO ELETRICO LINHA1 (MAXFIO);CABO ELETRICO FLEX 16,0MM PRETO MAXFIO 450/750 NBR427 100M;RL;0.0;0.0;0.0;0.0;0.0;0.0;0.0
F159;CABO ELETRICO LINHA1 (MAXFIO);CABO ELETRICO FLEX 16,0MM AZUL MAXFIO 450/750 NBR427 100M;RL;0.0;0.0;0.0;0.0;0.0;0.0;0.0
F161;CABO ELETRICO LINHA1 (MAXFIO);CABO ELETRICO FLEX 16,0MM VERMELHO MAXFIO 450/750 NBR427 100M;RL;0.0;0.0;0.0;0.0;0.0;0.0;0.0
F167B;CABO ELETRICO LINHA1 (MAXFIO);CABO ELETRICO FLEX 16,0MM PRETO MAXFIO 450/750 NBR427 METRO (BOBINA);M;0.0;0.0;0.0;0.0;0.0;0.0;0.0
F184;CABO ELETRICO LINHA1 (MAXFIO);CABO ELETRICO FLEX 16,0MM BRANCO MAXFIO 450/750 NBR427 100M;RL;0.0;0.0;0.0;0.0;0.0;0.0;0.0
F184B;CABO ELETRICO LINHA1 (MAXFIO);CABO ELETRICO FLEX 16,0MM BRANCO MAXFIO 450/750 NBR427 METRO (BOBINA);M;0.0;0.0;0.0;0.0;0.0;0.0;0.0
F167;CABO ELETRICO LINHA1 (MAXFIO);CABO ELETRICO FLEX 16,0MM PRETO MAXFIO 450/750 NBR427 100M RL;RL;0.0;0.0;0.0;0.0;0.0;0.0;0.0
F011;CABO ELETRICO LINHA1 (MAXFIO);CABO ELETRICO FLEX 2,5MM AZUL MAXFIO 450/750V NBR247 100M;RL;225.1219512195122;2.0;0.0;1.0;0.0;0.0;3.0133
F007;CABO ELETRICO LINHA1 (MAXFIO);CABO ELETRICO FLEX 2,5MM PRETO MAXFIO 450/750V NBR247 100M;RL;225.1219512195122;2.0;0.0;1.0;0.0;0.0;3.0133
F008B;CABO ELETRICO LINHA1 (MAXFIO);CABO ELETRICO FLEX 2,5MM VERMELHO MAXFIO 450/750V NBR247 METRO (BOBINA);M;2.251219512195122;0.02;0.0;0.01;0.0;0.0;0.030133
F009B;CABO ELETRICO LINHA1 (MAXFIO);CABO ELETRICO FLEX 2,5MM AMARELO MAXFIO 450/750V NBR247 METRO (BOBINA);M;2.251219512195122;0.02;0.0;0.01;0.0;0.0;0.030133
F010B;CABO ELETRICO LINHA1 (MAXFIO);CABO ELETRICO FLEX 2,5MM VERDE MAXFIO 450/750V NBR247 METRO (BOBINA);M;2.251219512195122;0.02;0.0;0.01;0.0;0.0;0.030133
F011B;CABO ELETRICO LINHA1 (MAXFIO);CABO ELETRICO FLEX 2,5MM AZUL MAXFIO 450/750V NBR247 METRO (BOBINA);M;2.251219512195122;0.02;0.0;0.01;0.0;0.0;0.030133
F012B;CABO ELETRICO LINHA1 (MAXFIO);CABO ELETRICO FLEX 2,5MM BRANCO MAXFIO 450/750V NBR247 METRO (BOBINA);M;2.251219512195122;0.02;0.0;0.01;0.0;0.0;0.030133
F166;CABO ELETRICO LINHA1 (MAXFIO);CABO ELETRICO FLEX 2,5MM CINZA MAXFIO 450/750V NBR247 100M;RL;225.1219512195122;2.0;0.0;1.0;0.0;0.0;3.0133
F009M;CABO ELETRICO LINHA1 (MAXFIO);CABO ELETRICO FLEX 2,5MM AMARELO MAXFIO 450/750V NBR247 50M;RL;225.1219512195122;2.0;0.0;1.0;0.0;0.0;3.0133
F010M;CABO ELETRICO LINHA1 (MAXFIO);CABO ELETRICO FLEX 2,5MM VERDE MAXFIO 450/750V NBR247 50M;RL;225.1219512195122;2.0;0.0;1.0;0.0;0.0;3.0133
F011M;CABO ELETRICO LINHA1 (MAXFIO);CABO ELETRICO FLEX 2,5MM AZUL MAXFIO 450/750V NBR247 50M;RL;225.1219512195122;2.0;0.0;1.0;0.0;0.0;3.0133
F012M;CABO ELETRICO LINHA1 (MAXFIO);CABO ELETRICO FLEX 2,5MM BRANCO MAXFIO 450/750V NBR247 50M;RL;225.1219512195122;2.0;0.0;1.0;0.0;0.0;3.0133
F007M;CABO ELETRICO LINHA1 (MAXFIO);CABO ELETRICO FLEX 2,5MM PRETO MAXFIO 450/750V NBR247 50M;RL;225.1219512195122;2.0;0.0;1.0;0.0;0.0;3.0133
F245;CABO ELETRICO LINHA1 (MAXFIO);CABO ELETRICO FLEX 2,5MM LILÁS MAXFIO 100M;RL;225.1219512195122;2.0;0.0;1.0;0.0;0.0;3.0133
F262B;CABO ELETRICO LINHA1 (MAXFIO);CABO ELETRICO FLEX ATOX 2,5MM VERMELHO 450/750V MAXFIO METRO (BOBINA);M;2.253928170731707;0.02;0.0;0.01;0.0;0.0;0.030133
F263B;CABO ELETRICO LINHA1 (MAXFIO);CABO ELETRICO FLEX ATOX 2,5MM VERDE 450/750V MAXFIO METRO (BOBINA);M;2.253928170731707;0.02;0.0;0.01;0.0;0.0;0.030133
F264B;CABO ELETRICO LINHA1 (MAXFIO);CABO ELETRICO FLEX ATOX 2,5MM AZUL 450/750V MAXFIO METRO (BOBINA);M;2.253928170731707;0.02;0.0;0.01;0.0;0.0;0.030133
F042;CABO ELETRICO LINHA1 (MAXFIO);CABO ELETRICO FLEXIVEL 25,0MM PRETO MAXFIO# 100M;RL;0.0;0.0;0.0;0.0;0.0;0.0;0.0
F045;CABO ELETRICO LINHA1 (MAXFIO);CABO ELETRICO FLEXIVEL 25,0MM AZUL MAXFIO# 100M;RL;0.0;0.0;0.0;0.0;0.0;0.0;0.0
F046;CABO ELETRICO LINHA1 (MAXFIO);CABO ELETRICO FLEXIVEL 25,0MM VERMELHO MAXFIO# 100M;RL;0.0;0.0;0.0;0.0;0.0;0.0;0.0
F016;CABO ELETRICO LINHA1 (MAXFIO);CABO ELETRICO FLEX 4,0MM VERDE MAXFIO 450/750V NBR247 100M;RL;0.0;0.0;0.0;0.0;0.0;0.0;0.0
F017;CABO ELETRICO LINHA1 (MAXFIO);CABO ELETRICO FLEX 4,0MM AZUL MAXFIO 450/750V NBR247 100M;RL;0.0;0.0;0.0;0.0;0.0;0.0;0.0
F018;CABO ELETRICO LINHA1 (MAXFIO);CABO ELETRICO FLEX 4,0MM BRANCO MAXFIO 450/750V NBR247 100M;RL;0.0;0.0;0.0;0.0;0.0;0.0;0.0
F014B;CABO ELETRICO LINHA1 (MAXFIO);CABO ELETRICO FLEX 4,0MM VERMELHO MAXFIO 450/750V NBR247 METRO (BOBINA);M;0.0;0.0;0.0;0.0;0.0;0.0;0.0
F013B;CABO ELETRICO LINHA1 (MAXFIO);CABO ELETRICO FLEX 4,0MM PRETO MAXFIO 450/750V NBR247 METRO (BOBINA);M;0.0;0.0;0.0;0.0;0.0;0.0;0.0
F015B;CABO ELETRICO LINHA1 (MAXFIO);CABO ELETRICO FLEX 4,0MM AMARELO MAXFIO 450/750V NBR247 METRO (BOBINA);M;0.0;0.0;0.0;0.0;0.0;0.0;0.0
F246M;CABO ELETRICO LINHA1 (MAXFIO);CABO ELETRICO FLEX 4,00MM AMARELO MAXFIO 450/750V NBR247 50M;RL;0.0;0.0;0.0;0.0;0.0;0.0;0.0
F247M;CABO ELETRICO LINHA1 (MAXFIO);CABO ELETRICO FLEX 4,00MM AZUL MAXFIO 450/750V NBR247 50M;RL;0.0;0.0;0.0;0.0;0.0;0.0;0.0
F248M;CABO ELETRICO LINHA1 (MAXFIO);CABO ELETRICO FLEX 4,00MM PRETO MAXFIO 450/750V NBR247 50M;RL;0.0;0.0;0.0;0.0;0.0;0.0;0.0
F249M;CABO ELETRICO LINHA1 (MAXFIO);CABO ELETRICO FLEX 4,00MM VERMELHO MAXFIO 450/750V NBR247 50M;RL;0.0;0.0;0.0;0.0;0.0;0.0;0.0
F250M;CABO ELETRICO LINHA1 (MAXFIO);CABO ELETRICO FLEX 4,00MM VERDE MAXFIO 450/750V NBR247 50M;RL;0.0;0.0;0.0;0.0;0.0;0.0;0.0
F247B;CABO ELETRICO LINHA1 (MAXFIO);CABO ELETRICO FLEX 4,00MM AZUL MAXFIO 450/750V NBR247 (BOBINA);M;0.0;0.0;0.0;0.0;0.0;0.0;0.0
F272B;CABO ELETRICO LINHA1 (MAXFIO);CABO ELETRICO FLEX ATOX 4,0MM AZUL 450/750V MAXFIO METRO (BOBINA);M;0.0;0.0;0.0;0.0;0.0;0.0;0.0
F251M;CABO ELETRICO LINHA1 (MAXFIO);CABO ELETRICO FLEX 4,00MM BRANCO MAXFIO 450/750V NBR247 50M;RL;0.0;0.0;0.0;0.0;0.0;0.0;0.0
F175;CABO ELETRICO LINHA1 (MAXFIO);CABO ELETRICO FLEXIVEL 50,0MM PRETO MAXFIO# 100M;RL;0.0;0.0;0.0;0.0;0.0;0.0;0.0
F175B;CABO ELETRICO LINHA1 (MAXFIO);CABO ELETRICO FLEXIVEL 50,0MM PRETO MAXFIO# METRO;M;0.0;0.0;0.0;0.0;0.0;0.0;0.0
F176B;CABO ELETRICO LINHA1 (MAXFIO);CABO ELETRICO FLEXIVEL 50,0MM VERDE MAXFIO# METRO;M;0.0;0.0;0.0;0.0;0.0;0.0;0.0
F176;CABO ELETRICO LINHA1 (MAXFIO);CABO ELETRICO FLEXIVEL 50,0MM VERDE MAXFIO# 100M;RL;0.0;0.0;0.0;0.0;0.0;0.0;0.0
F024;CABO ELETRICO LINHA1 (MAXFIO);CABO ELETRICO FLEX 6,0MM BRANCO MAXFIO 450/750V NBR247 100M;RL;0.0;0.0;0.0;0.0;0.0;0.0;0.0
F022B;CABO ELETRICO LINHA1 (MAXFIO);CABO ELETRICO FLEX 6,0MM VERDE MAXFIO 450/750V NBR247 METRO (BOBINA);M;0.0;0.0;0.0;0.0;0.0;0.0;0.0
F023B;CABO ELETRICO LINHA1 (MAXFIO);CABO ELETRICO FLEX 6,0MM AZUL MAXFIO 450/750V NBR247 METRO (BOBINA);M;0.0;0.0;0.0;0.0;0.0;0.0;0.0
F024B;CABO ELETRICO LINHA1 (MAXFIO);CABO ELETRICO FLEX 6,0MM BRANCO MAXFIO 40/750V NBR247 METRO (BOBINA);M;0.0;0.0;0.0;0.0;0.0;0.0;0.0
F021B;CABO ELETRICO LINHA1 (MAXFIO);CABO ELETRICO FLEX 6,0MM AMARELO MAXFIO 450/750V NBR247 METRO (BOBINA);M;0.0;0.0;0.0;0.0;0.0;0.0;0.0
F020B;CABO ELETRICO LINHA1 (MAXFIO);CABO ELETRICO FLEX 6,0MM VERMELHO MAXFIO 450/750V NBR247 METRO (BOBINA);M;0.0;0.0;0.0;0.0;0.0;0.0;0.0
F273B;CABO ELETRICO LINHA1 (MAXFIO);CABO ELETRICO FLEX ATOX 6,0MM VERMELHO 450/750V MAXFIO METRO (BOBINA);M;0.0;0.0;0.0;0.0;0.0;0.0;0.0
F274B;CABO ELETRICO LINHA1 (MAXFIO);CABO ELETRICO FLEX ATOX 6,0MM PRETO 450/750V MAXFIO METRO (BOBINA);M;0.0;0.0;0.0;0.0;0.0;0.0;0.0
F275B;CABO ELETRICO LINHA1 (MAXFIO);CABO ELETRICO FLEX ATOX 6,0MM VERDE 450/750V MAXFIO METRO (BOBINA);M;0.0;0.0;0.0;0.0;0.0;0.0;0.0
2732;CABO ELETRICO LINHA1 (MAXFIO);CABO ELETRICO FLEX 6,0MM MARROM MAXFIO 450/750V100M;RL;0.0;0.0;0.0;0.0;0.0;0.0;0.0
F072B;CABO ELETRICO LINHA1 (MAXFIO);CABO ELETRICO FLEXIVEL 95,0MM PRETO METRO;M;0.0;0.0;0.0;0.0;0.0;0.0;0.0
F173B;CABO ELETRICO LINHA1 (MAXFIO);CABO ELETRICO FLEXIVEL 95,0MM AZUL METRO;M;0.0;0.0;0.0;0.0;0.0;0.0;0.0
F173;CABO ELETRICO LINHA1 (MAXFIO);CABO ELETRICO FLEXIVEL 95,0MM AZUL 100M;RL;0.0;0.0;0.0;0.0;0.0;0.0;0.0
F256B;CABO ELETRICO LINHA1 (MAXFIO);CABO ELETRICO FLEX 120,0MM AZUL MAXFIO 450/750V NBR427 METRO(BOBINA);M;0.0;0.0;0.0;0.0;0.0;0.0;0.0
K156;CABO ELETRICO LINHA1 (MAXFIO);CABO ELETRICO MULTIPLO 4X50,0MM HEPR PRETO 1KV 90º;M;0.0;0.0;0.0;0.0;0.0;0.0;0.0
PL025;CABO ELETRICO LINHA1 (MAXFIO);CORDAO PARALELO POLARIZADO 2X0,50MM PRETO MAXFIO 100M;RL;0.0;0.0;0.0;0.0;0.0;0.0;0.0
PL026;CABO ELETRICO LINHA1 (MAXFIO);CORDAO PARALELO POLARIZADO 2X0,75MM PRETO MAXFIO 100M;RL;0.0;0.0;0.0;0.0;0.0;0.0;0.0
PL033;CABO ELETRICO LINHA1 (MAXFIO);CORDAO PARALELO POLARIZADO 2X0,75MM BRANCO MAXFIO 100M;RL;0.0;0.0;0.0;0.0;0.0;0.0;0.0
PL038;CABO ELETRICO LINHA1 (MAXFIO);CORDAO PARALELO 2X0,75MM MARROM MAXFIO 300V NBR247 100M;RL;0.0;0.0;0.0;0.0;0.0;0.0;0.0
PL041;CABO ELETRICO LINHA1 (MAXFIO);CORDAO PARALELO POLARIZADO 2x075MM VERMELHO/PRETO MAXFIO 100M;RL;0.0;0.0;0.0;0.0;0.0;0.0;0.0
PL041B;CABO ELETRICO LINHA1 (MAXFIO);CORDAO PARALELO POLARIZADO 2X0,75MM VERMELHO/PRETO MAXFIO (BOBINA);M;0.0;0.0;0.0;0.0;0.0;0.0;0.0
PL042;CABO ELETRICO LINHA1 (MAXFIO);CORDAO PARALELO POLARIZADO 2x1,0MM VERMELHO/PRETO MAXFIO 100M;RL;0.0;0.0;0.0;0.0;0.0;0.0;0.0
PL028;CABO ELETRICO LINHA1 (MAXFIO);CORDAO PARALELO POLARIZADO 2X1,0MM MARROM MAXFIO 100M;RL;0.0;0.0;0.0;0.0;0.0;0.0;0.0
PL022B;CABO ELETRICO LINHA1 (MAXFIO);CORDAO PARALELO POLARIZADO 2X1,0MM BRANCO MAXFIO METRO (BOBINA);M;0.0;0.0;0.0;0.0;0.0;0.0;0.0
PL027B;CABO ELETRICO LINHA1 (MAXFIO);CORDAO PARALELO POLARIZADO 2X1,0MM PRETO MAXFIO METRO (BOBINA);RL;0.0;0.0;0.0;0.0;0.0;0.0;0.0
PL001B;CABO ELETRICO LINHA1 (MAXFIO);CORDAO PARALELO 2X1,5MM BRANCO MAXFIO 300V NBR247 METRO (BOBINA);M;0.0;0.0154;0.0;0.08460000000000001;0.0;0.0;0.11023
PL001;CABO ELETRICO LINHA1 (MAXFIO);CORDAO PARALELO 2X1,5MM BRANCO MAXFIO 300V NBR247 100M;RL;0.0;1.54;0.0;8.46;0.0;0.0;11.023
PL036;CABO ELETRICO LINHA1 (MAXFIO);CORDAO PARALELO 2X1,5MM PRETO MAXFIO 300V NBR247 100M;RL;0.0;1.54;0.0;8.46;0.0;0.0;11.023
PL002B;CABO ELETRICO LINHA1 (MAXFIO);CORDAO PARALELO 2X2,5MM BRANCO MAXFIO 300V NBR247 METRO (BOBINA);M;0.0;0.026400000000000003;0.0;0.09962;0.0;0.0;0.14625
PL002;CABO ELETRICO LINHA1 (MAXFIO);CORDAO PARALELO 2X2,5MM BRANCO MAXFIO 300V NBR247 100M;RL;0.0;2.64;0.0;9.962;0.0;0.0;14.625
PL037;CABO ELETRICO LINHA1 (MAXFIO);CORDAO PARALELO 2X2,5MM PRETO MAXFIO 300V NBR247 100M;RL;0.0;2.64;0.0;9.962;0.0;0.0;14.625
PL040;CABO ELETRICO LINHA1 (MAXFIO);CORDAO PARALELO POLARIZADO 2X2,5MM MARROM MAXFIO 100M;RL;0.0;2.64;0.0;9.962;0.0;0.0;14.625
PL037B;CABO ELETRICO LINHA1 (MAXFIO);CORDAO PARALELO 2X2,5MM PRETO MAXFIO 300V NBR247 (BOBINA);M;0.0;0.026400000000000003;0.0;0.09962;0.0;0.0;0.14625
PL040B;CABO ELETRICO LINHA1 (MAXFIO);CORDAO PARALELO POLARIZADO 2X2,5MM MARROM MAXFIO (BOBINA);M;0.0;0.026400000000000003;0.0;0.09962;0.0;0.0;0.14625
N015B;CABO ELETRICO NU;CABO ELETRICO DE COBRE NU 150,0 MM 19 FIOS METRO (BOBINA);M;0.0;0.0;0.0;0.0;0.0;0.0;0.0
N016B;CABO ELETRICO NU;CABO ELETRICO DE COBRE NU 120,0 MM 19 FIOS METRO (BOBINA);M;0.0;0.0;0.0;0.0;0.0;0.0;0.0
NC010B;CABO ELETRICO NU;CABO ELETRICO DE COBRE NU 70,0MM METRO (BOBINA);M;0.0;0.0;0.0;0.0;0.0;0.0;0.0
NB003;CABO ELETRICO NU;CABO COBRE NU 70,0MM BIMETALICO METRO (BOBINA);M;0.0;0.0;0.0;0.0;0.0;0.0;0.0
CN001B;CABO ELETRICO NU;CORDA DE COBRE NU 4,0MM 58 FIOS 0,280MM METRO (BOBINA);M;0.0;0.0;0.0;0.0;0.0;0.0;0.0
N001B;CABO ELETRICO NU;CABO ELETRICO DE COBRE NU 10,0MM METRO (BOBINA);M;0.0;0.0;0.0;0.0;0.0;0.0;0.0
NC001;CABO ELETRICO NU;CABO COBRE NU 35,0MM ACO COBREADO METRO (BOBINA);M;0.0;0.0;0.0;0.0;0.0;0.0;0.0
NC002;CABO ELETRICO NU;CABO COBRE NU 70,0MM ACO COBREADO METRO (BOBINA);M;0.0;0.0;0.0;0.0;0.0;0.0;0.0
NB001;CABO ELETRICO NU;CABO COBRE NU 35,0MM BIMETALICO METRO (BOBINA);M;0.0;0.0;0.0;0.0;0.0;0.0;0.0
NB002;CABO ELETRICO NU;CABO COBRE NU 50,0MM BIMETALICO METRO (BOBINA);M;0.0;0.0;0.0;0.0;0.0;0.0;0.0
N011B;CABO ELETRICO NU;CABO ELETRICO DE COBRE NU 10,0MM 7 PERNAS METRO (BOBINA);M;0.0;0.0;0.0;0.0;0.0;0.0;0.0
N012B;CABO ELETRICO NU;CABO ELETRICO DE COBRE NU 35,0MM 7 PERNAS METRO (BOBINA);M;0.0;0.0;0.0;0.0;0.0;0.0;0.0
N013B;CABO ELETRICO NU;CABO ELETRICO DE COBRE NU 240,0MM 19 FIOS METRO (BOBINA);M;0.0;0.0;0.0;0.0;0.0;0.0;0.0
N014B;CABO ELETRICO NU;CABO ELETRICO DE COBRE NU 185,0 MM 19 FIOS METRO (BOBINA);M;0.0;0.0;0.0;0.0;0.0;0.0;0.0
2599;CABO ELETRICO NU;CABO ELETRICO DE COBRE NU 10,0MM METRO (BOBINA);M;0.0;0.0;0.0;0.0;0.0;0.0;0.0
N002B;CABO ELETRICO NU;CABO ELETRICO DE COBRE NU 16,0MM METRO (BOBINA);M;0.0;0.0;0.0;0.0;0.0;0.0;0.0
N004B;CABO ELETRICO NU;CABO ELETRICO DE COBRE NU 35,0MM METRO (BOBINA);M;0.0;0.0;0.0;0.0;0.0;0.0;0.0
N009B;CABO ELETRICO NU;CABO ELETRICO DE COBRE NU 70,0MM 7 PERNAS METRO (BOBINA);M;0.0;0.0;0.0;0.0;0.0;0.0;0.0
N010B;CABO ELETRICO NU;CABO ELETRICO DE COBRE NU 95,0MM METRO (BOBINA);M;0.0;0.0;0.0;0.0;0.0;0.0;0.0
1874;CABO ELETRICO NU;CABO COBRE NU 35,0MM 7 FIOS;M;0.0;0.0;0.0;0.0;0.0;0.0;0.0
1916;CABO ELETRICO NU;CABO COBRE NU 70,0MM ACO COBREADO METRO (BOBINA);M;0.0;0.0;0.0;0.0;0.0;0.0;0.0
N003B;CABO ELETRICO NU;CABO ELETRICO DE COBRE NU 25,0MM METRO (BOBINA);M;0.0;0.0;0.0;0.0;0.0;0.0;0.0
N005B;CABO ELETRICO NU;CABO ELETRICO DE COBRE NU 50,0MM METRO (BOBINA);M;0.0;0.0;0.0;0.0;0.0;0.0;0.0
N007B;CABO ELETRICO NU;CABO ELETRICO DE COBRE NU 50,0MM 7 FIOS NBR 5419 NBR 6524 METRO (BOBINA);M;0.0;0.0;0.0;0.0;0.0;0.0;0.0
PP074B;CABO HEPR 1KV 90º - MAXFIO;CABO DE CONTROLE PP 3X4,0MM PRETO 1KV MAXFIO# METRO (BOBINA);M;0.0;0.0;0.0;0.0;0.0;0.0;0.0
V001;CABO HEPR 1KV 90º - MAXFIO;CABO ELETRICO FLEX HEPR 16,0MM AZUL 1KV 90º VOLTFLEX;RL;0.0;0.0;0.0;0.0;0.0;0.0;0.0
K004I;CABO HEPR 1KV 90º - MAXFIO;CABO ELETRICO FLEX HEPR 16,0MM PRETO 1KV 90º(NAO UTILIZAR);M;0.0;0.0;0.0;0.0;0.0;0.0;0.0
K005;CABO HEPR 1KV 90º - MAXFIO;CABO ELETRICO FLEX HEPR 16,0MM VERMELHO 1KV 90º;M;0.0;0.0;0.0;0.0;0.0;0.0;0.0
K001;CABO HEPR 1KV 90º - MAXFIO;CABO ELETRICO FLEX HEPR 10,0MM PRETO 1KV 90º;M;0.0;0.0;0.0;0.0;0.0;0.0;0.0
K002;CABO HEPR 1KV 90º - MAXFIO;CABO ELETRICO FLEX HEPR 10,0MM VERMELHO 1KV 90º;M;0.0;0.0;0.0;0.0;0.0;0.0;0.0
K008;CABO HEPR 1KV 90º - MAXFIO;CABO ELETRICO FLEX HEPR 25,0MM VERMELHO 1KV 90º;M;0.0;0.0;0.0;0.0;0.0;0.0;0.0
K009;CABO HEPR 1KV 90º - MAXFIO;CABO ELETRICO FLEX HEPR 25,0MM AZUL 1KV 90º;M;0.0;0.0;0.0;0.0;0.0;0.0;0.0
K010;CABO HEPR 1KV 90º - MAXFIO;CABO ELETRICO FLEX HEPR 35,0MM PRETO 1KV 90º;M;0.0;0.0;0.0;0.0;0.0;0.0;0.0
K011;CABO HEPR 1KV 90º - MAXFIO;CABO ELETRICO FLEX HEPR 35,0MM VERMELHO 1KV 90º;M;0.0;0.0;0.0;0.0;0.0;0.0;0.0
K012;CABO HEPR 1KV 90º - MAXFIO;CABO ELETRICO FLEX HEPR 35,0MM AZUL 1KV 90º;M;0.0;0.0;0.0;0.0;0.0;0.0;0.0
K024;CABO HEPR 1KV 90º - MAXFIO;CABO ELETRICO FLEX HEPR 120,0MM VERMELHO 1KV 90º;M;0.0;0.0;0.0;0.0;0.0;0.0;0.0
K035;CABO HEPR 1KV 90º - MAXFIO;CABO ELETRICO FLEX HEPR 35,0MM VERDE 1KV 90º;M;0.0;0.0;0.0;0.0;0.0;0.0;0.0
K037;CABO HEPR 1KV 90º - MAXFIO;CABO ELETRICO FLEX HEPR 6,0MM PRETO 1KV 90º;M;0.0;0.0;0.0;0.0;0.0;0.0;0.0
K038;CABO HEPR 1KV 90º - MAXFIO;CABO ELETRICO FLEX HEPR 4,0MM AZUL 1KV 90º;M;0.0;0.0;0.0;0.0;0.0;0.0;0.0
K039;CABO HEPR 1KV 90º - MAXFIO;CABO ELETRICO FLEX HEPR 4,0MM VERDE 1KV 90º;M;0.0;0.0;0.0;0.0;0.0;0.0;0.0
PP045B;CABO HEPR 1KV 90º - MAXFIO;CABO DE CONTROLE PP4X4,0MM AMARELO 1KV MAXFIO METRO (BOBINA);M;0.0;0.0;0.0;0.0;0.0;0.0;0.0
K040;CABO HEPR 1KV 90º - MAXFIO;CABO ELETRICO FLEX HEPR 1,5MM PRETO 1KV 90º;M;1.4471219512195121;0.01228;0.0;0.009000000000000001;0.0;0.0;0.021413
K050;CABO HEPR 1KV 90º - MAXFIO;CABO ELETRICO FLEX HEPR 6,0MM BRANCO 1KV 90º;M;0.0;0.0;0.0;0.0;0.0;0.0;0.0
K051;CABO HEPR 1KV 90º - MAXFIO;CABO ELETRICO FLEX HEPR 6,0MM VERMELHO 1KV 90º;M;0.0;0.0;0.0;0.0;0.0;0.0;0.0
K016;CABO HEPR 1KV 90º - MAXFIO;CABO ELETRICO FLEX HEPR 70,0MM PRETO 1KV 90º;M;0.0;0.0;0.0;0.0;0.0;0.0;0.0
K017;CABO HEPR 1KV 90º - MAXFIO;CABO ELETRICO FLEX HEPR 70,0MM VERMELHO 1KV 90º;M;0.0;0.0;0.0;0.0;0.0;0.0;0.0
K018;CABO HEPR 1KV 90º - MAXFIO;CABO ELETRICO FLEX HEPR 70,0MM AZUL 1KV 90º;M;0.0;0.0;0.0;0.0;0.0;0.0;0.0
K019;CABO HEPR 1KV 90º - MAXFIO;CABO ELETRICO FLEX HEPR 95,0MM PRETO 1KV 90º;M;0.0;0.0;0.0;0.0;0.0;0.0;0.0
K053;CABO HEPR 1KV 90º - MAXFIO;CABO ELETRICO FLEX HEPR 4,0MM BRANCO 1KV 90º;M;0.0;0.0;0.0;0.0;0.0;0.0;0.0
K054;CABO HEPR 1KV 90º - MAXFIO;CABO ELETRICO FLEX HEPR 4,0MM CINZA 1KV 90º;M;0.0;0.0;0.0;0.0;0.0;0.0;0.0
K055;CABO HEPR 1KV 90º - MAXFIO;CABO ELETRICO FLEX HEPR 70,0MM VERDE 1KV 90º;M;0.0;0.0;0.0;0.0;0.0;0.0;0.0
K056;CABO HEPR 1KV 90º - MAXFIO;CABO ELETRICO FLEX HEPR 95,0MM VERDE 1KV 90º;M;0.0;0.0;0.0;0.0;0.0;0.0;0.0
PP064B;CABO HEPR 1KV 90º - MAXFIO;CABO DE CONTROLE PP 5X2,5MM PRETO 1KV MAXFIO METRO (BOBINA);M;0.0;0.0;0.0;0.0;0.0;0.0;0.0
K058;CABO HEPR 1KV 90º - MAXFIO;CABO ELETRICO FLEX HEPR 150,0MM AZUL 1KV 90º;M;0.0;0.0;0.0;0.0;0.0;0.0;0.0
K060;CABO HEPR 1KV 90º - MAXFIO;CABO ELETREFLEX HEPR 1,5MM AZUL 1KV 90º;M;1.4471219512195121;0.01228;0.0;0.009000000000000001;0.0;0.0;0.021413
K061;CABO HEPR 1KV 90º - MAXFIO;CABO ELETREFLEX HEPR 2,5MM PRETO 1KV 90º;M;2.251219512195122;0.02;0.0;0.01;0.0;0.0;0.030133
K062;CABO HEPR 1KV 90º - MAXFIO;CABO ELETREFLEX HEPR 6,0MM AZUL 1KV 90º;M;0.0;0.0;0.0;0.0;0.0;0.0;0.0
K063;CABO HEPR 1KV 90º - MAXFIO;CABO ELETREFLEX HEPR 6,0MM VERDE 1KV 90º;M;0.0;0.0;0.0;0.0;0.0;0.0;0.0
K064;CABO HEPR 1KV 90º - MAXFIO;CABO ELETREFLEX HEPR 240,0MM AZUL 1KV 90º;M;0.0;0.0;0.0;0.0;0.0;0.0;0.0
K065;CABO HEPR 1KV 90º - MAXFIO;NAO USAR CABO ELETREFLEX HEPR 2,5MM AZUL 1KV 90º;M;2.251219512195122;0.02;0.0;0.01;0.0;0.0;0.030133
K069;CABO HEPR 1KV 90º - MAXFIO;CABO ELETRICO FLEX HEPR 300,0MM AZUL 1KV 90º;M;0.0;0.0;0.0;0.0;0.0;0.0;0.0
PP075B;CABO HEPR 1KV 90º - MAXFIO;CABO DE CONTROLE PP 6X1,0MM PRETO 1KV MAXFIO METRO (BOBINA);M;0.0;0.0;0.0;0.0;0.0;0.0;0.0
CABOHPR;CABO HEPR 1KV 90º - MAXFIO;CABO ELETRICO HEPR 300MM;M;254.2153846153846;2.2;0.0;0.86;0.0;0.0;3.0601330000000004
K070;CABO HEPR 1KV 90º - MAXFIO;CABO ELETRICO FLEX HEPR 16,0MM AMARELO 1KV 90º;M;0.0;0.0;0.0;0.0;0.0;0.0;0.0
PP079B;CABO HEPR 1KV 90º - MAXFIO;CABO DE CONTROLE PP 6X2,5MM PRETO 1KV MAXFIO METRO (BOBINA);M;0.0;0.0;0.0;0.0;0.0;0.0;0.0
PP080B;CABO HEPR 1KV 90º - MAXFIO;CABO DE CONTROLE PP 6X1,5MM BRANCO 1KV MAXFIO METRO (BOBINA);M;0.0;0.0;0.0;0.0;0.0;0.0;0.0
PP089B;CABO HEPR 1KV 90º - MAXFIO;CABO DE CONTROLE PP 5X1,5MM PRETO 1KV MAXFIO METRO (BOBINA);M;0.0;0.0;0.0;0.0;0.0;0.0;0.0
PP090B;CABO HEPR 1KV 90º - MAXFIO;CABO DE CONTROLE PP 7X1,5MM PRETO 1KV MAXFIO METRO (BOBINA);M;0.0;0.0;0.0;0.0;0.0;0.0;0.0
K091;CABO HEPR 1KV 90º - MAXFIO;CABO ELETRICO FLEX HEPR 10,0MM AMARELO 1KV 90º;M;0.0;0.0;0.0;0.0;0.0;0.0;0.0
K092;CABO HEPR 1KV 90º - MAXFIO;CABO ELETREFLEX HEPR 2,5MM AMARELO 1KV 90º;M;2.251219512195122;0.02;0.0;0.01;0.0;0.0;0.030133
K093;CABO HEPR 1KV 90º - MAXFIO;CABO ELETRICO FLEX HEPR 95,0MM AMARELO 1KV 90º;M;0.0;0.0;0.0;0.0;0.0;0.0;0.0
PP092B;CABO HEPR 1KV 90º - MAXFIO;CABO DE CONTROLE PP 6X1,5MM PRETO 1KV MAXFIO METRO (BOBINA);M;0.0;0.0;0.0;0.0;0.0;0.0;0.0
K097;CABO HEPR 1KV 90º - MAXFIO;CABO ELETRICO FLEX HEPR 1,5MM BRANCO 1KV 90º;M;1.4471219512195121;0.01228;0.0;0.009000000000000001;0.0;0.0;0.021413
PP093B;CABO HEPR 1KV 90º - MAXFIO;CABO DE CONTROLE PP 7x1,0MM PRETO 1KV MAXFIO METRO (BOBINA);M;0.0;0.0;0.0;0.0;0.0;0.0;0.0
PP094B;CABO HEPR 1KV 90º - MAXFIO;CABO DE CONTROLE 3X16,0MM PRETO MAXFIO HEPR 1KV METRO;M;0.0;0.0;0.0;0.0;0.0;0.0;0.0
K098;CABO HEPR 1KV 90º - MAXFIO;CABO ELETRICO FLEX HEPR 150,0MM AMARELO 1KV 90º;M;0.0;0.0;0.0;0.0;0.0;0.0;0.0
K099;CABO HEPR 1KV 90º - MAXFIO;CABO ELETRICO FLEX HEPR 25,0MM CINZA 1KV 90º;M;0.0;0.0;0.0;0.0;0.0;0.0;0.0
K100;CABO HEPR 1KV 90º - MAXFIO;CABO ELETRICO FLEX HEPR 10,0MM CINZA 1KV 90º;M;0.0;0.0;0.0;0.0;0.0;0.0;0.0
PP102B;CABO HEPR 1KV 90º - MAXFIO;CABO DE CONTROLE PP 5X6,0MM PRETO 1KV MAXFIO METRO (BOBINA);M;0.0;0.0;0.0;0.0;0.0;0.0;0.0
K110;CABO HEPR 1KV 90º - MAXFIO;CABO ELETRICO FLEX HEPR 1,0MM PRETO 1KV 90º;M;0.0;0.0;0.0;0.0;0.0;0.0;0.0
K111;CABO HEPR 1KV 90º - MAXFIO;CABO ELETRICO FLEX HEPR 1,0MM VERDE 1KV 90º;M;0.0;0.0;0.0;0.0;0.0;0.0;0.0
K112;CABO HEPR 1KV 90º - MAXFIO;CABO ELETRICO FLEX HEPR 1,0MM AMARELO 1KV 90º;M;0.0;0.0;0.0;0.0;0.0;0.0;0.0
K113;CABO HEPR 1KV 90º - MAXFIO;CABO ELETRICO FLEX HEPR 1,0MM AZUL 1KV 90º;M;0.0;0.0;0.0;0.0;0.0;0.0;0.0
K114;CABO HEPR 1KV 90º - MAXFIO;CABO ELETRICO FLEX HEPR 1,0MM CINZA 1KV 90º;M;0.0;0.0;0.0;0.0;0.0;0.0;0.0
K157;CABO HEPR 1KV 90º - MAXFIO;CABO ELETRICO FLEX XLPE 120,0MM PRETO 1KV 90º;M;0.0;0.0;0.0;0.0;0.0;0.0;0.0
PP096B;CABO HEPR 1KV 90º - MAXFIO;CABO DE CONTROLE 2x16,0MM PRETO MAXFIO HEPR 1KV METRO;M;0.0;0.0;0.0;0.0;0.0;0.0;0.0
PP097B;CABO HEPR 1KV 90º - MAXFIO;CABO DE CONTROLE 2X25,0MM PRETO MAXFIO HEPR 1KV METRO;M;0.0;0.0;0.0;0.0;0.0;0.0;0.0
K003I;CABO HEPR 1KV 90º - MAXFIO;CABO ELETRICO FLEX HEPR 10,0MM AZUL 1KV 90º(NÃO UTILIZAR);M;0.0;0.0;0.0;0.0;0.0;0.0;0.0
K013;CABO HEPR 1KV 90º - MAXFIO;CABO ELETRICO FLEX HEPR 50,0MM PRETO 1KV 90º;M;0.0;0.0;0.0;0.0;0.0;0.0;0.0
K014;CABO HEPR 1KV 90º - MAXFIO;CABO ELETRICO FLEX HEPR 50,0MM VERMELHO 1KV 90º;M;0.0;0.0;0.0;0.0;0.0;0.0;0.0
K015;CABO HEPR 1KV 90º - MAXFIO;CABO ELETRICO FLEX HEPR 50,0MM AZUL 1KV 90º;M;0.0;0.0;0.0;0.0;0.0;0.0;0.0
K007;CABO HEPR 1KV 90º - MAXFIO;CABO ELETRICO FLEX HEPR 25,0MM PRETO 1KV 90º;M;0.0;0.0;0.0;0.0;0.0;0.0;0.0
K025;CABO HEPR 1KV 90º - MAXFIO;CABO ELETRICO FLEX HEPR 50,0MM VERDE 1KV 90º;M;0.0;0.0;0.0;0.0;0.0;0.0;0.0
K006I;CABO HEPR 1KV 90º - MAXFIO;CABO ELETRICO FLEX HEPR 16,0MM AZUL 1KV 90º(NAO UTILIZAR);M;0.0;0.0;0.0;0.0;0.0;0.0;0.0
K026;CABO HEPR 1KV 90º - MAXFIO;CABO ELETRICO FLEX HEPR 25,0MM VERDE 1KV 90º;M;0.0;0.0;0.0;0.0;0.0;0.0;0.0
PP025B;CABO HEPR 1KV 90º - MAXFIO;CABO DE CONTROLE PP 4X1,5MM PRETO 1KV MAXFIO METRO (BOBINA);M;0.0;0.0;0.0;0.0;0.0;0.0;0.0
PP026B;CABO HEPR 1KV 90º - MAXFIO;CABO DE CONTROLE PP 4X4,0MM PRETO 1KV MAXFIO METRO (BOBINA);M;0.0;0.0;0.0;0.0;0.0;0.0;0.0
K030;CABO HEPR 1KV 90º - MAXFIO;CABO ELETRICO FLEX HEPR 16,0MM BRANCO 1KV 90º;M;0.0;0.0;0.0;0.0;0.0;0.0;0.0
K031;CABO HEPR 1KV 90º - MAXFIO;CABO ELETRICO FLEX HEPR 50,0MM BRANCO 1KV 90º;M;0.0;0.0;0.0;0.0;0.0;0.0;0.0
K033;CABO HEPR 1KV 90º - MAXFIO;CABO ELETRICO FLEX HEPR 10,0MM VERDE 1KV 90º;M;0.0;0.0;0.0;0.0;0.0;0.0;0.0
K034;CABO HEPR 1KV 90º - MAXFIO;CABO ELETRICO FLEX HEPR 4,0MM VERMELHO 1KV 90º;M;0.0;0.0;0.0;0.0;0.0;0.0;0.0
PP041B;CABO HEPR 1KV 90º - MAXFIO;CABO DE CONTROLE PP3X2,5MM PRETO 1KV MAXFIO METRO (BOBINA);M;0.0;0.0396;0.0;0.1277;0.0;0.0;0.22753
PP047B;CABO HEPR 1KV 90º - MAXFIO;CABO DE CONTROLE PP 2X1,5MM PRETO 1KV MAXFIO METRO (BOBINA) -;M;0.0;0.0154;0.0;0.08460000000000001;0.0;0.0;0.11023
K041;CABO HEPR 1KV 90º - MAXFIO;CABO ELETRICO FLEX HEPR 4,0MM PRETO 1KV 90º;M;0.0;0.0;0.0;0.0;0.0;0.0;0.0
PP048B;CABO HEPR 1KV 90º - MAXFIO;CABO DE CONTROLE PP 2X2,5MM PRETO 1KV MAXFIO METRO (BOBINA);M;0.0;0.026400000000000003;0.0;0.09962;0.0;0.0;0.14625
PP049B;CABO HEPR 1KV 90º - MAXFIO;CABO DE CONTROLE PP 2X1,0MM PRETO 1KV MAXFIO METRO (BOBINA);M;0.0;0.0;0.0;0.0;0.0;0.0;0.0
K042;CABO HEPR 1KV 90º - MAXFIO;CABO ELETRICO FLEX HEPR 35,0MM BRANCO 1KV 90º;M;0.0;0.0;0.0;0.0;0.0;0.0;0.0
K003;CABO HEPR 1KV 90º - MAXFIO;CABO ELETRICO FLEX HEPR 10,0MM AZUL 1KV 90º;M;0.0;0.0;0.0;0.0;0.0;0.0;0.0
K004;CABO HEPR 1KV 90º - MAXFIO;CABO ELETRICO FLEX HEPR 16,0MM PRETO 1KV 90º;M;0.0;0.0;0.0;0.0;0.0;0.0;0.0
K006;CABO HEPR 1KV 90º - MAXFIO;CABO ELETRICO FLEX HEPR 16,0MM AZUL 1KV 90º;M;0.0;0.0;0.0;0.0;0.0;0.0;0.0
K047;CABO HEPR 1KV 90º - MAXFIO;CABO ELETRICO FLEX HEPR 70,0MM BRANCO 1KV 90º;M;0.0;0.0;0.0;0.0;0.0;0.0;0.0
K049;CABO HEPR 1KV 90º - MAXFIO;CABO ELETRICO FLEX HEPR 120,0MM VERDE 1KV 90º;M;0.0;0.0;0.0;0.0;0.0;0.0;0.0
K020;CABO HEPR 1KV 90º - MAXFIO;CABO ELETRICO FLEX HEPR 95,0MM AZUL 1KV 90º;M;0.0;0.0;0.0;0.0;0.0;0.0;0.0
K021;CABO HEPR 1KV 90º - MAXFIO;(NÃO USAR) CABO ELETRICO FLEX HEPR 95,0MM VERMELHO 1KV 90º;M;0.0;0.0;0.0;0.0;0.0;0.0;0.0
K022;CABO HEPR 1KV 90º - MAXFIO;CABO ELETRICO FLEX HEPR 120,0MM PRETO 1KV 90º;M;0.0;0.0;0.0;0.0;0.0;0.0;0.0
K023;CABO HEPR 1KV 90º - MAXFIO;CABO ELETRICO FLEX HEPR 120,0MM AZUL 1KV 90º;M;0.0;0.0;0.0;0.0;0.0;0.0;0.0
K052;CABO HEPR 1KV 90º - MAXFIO;CABO ELETRICO FLEX HEPR 4,0MM AMARELO 1KV 90º;M;0.0;0.0;0.0;0.0;0.0;0.0;0.0
K048;CABO HEPR 1KV 90º - MAXFIO;CABO ELETRICO FLEX HEPR 240,0MM PRETO 1KV 90º;M;0.0;0.0;0.0;0.0;0.0;0.0;0.0
K036;CABO HEPR 1KV 90º - MAXFIO;CABO ELETRICO FLEX HEPR 185,0MM PRETO 1KV 90º;M;0.0;0.0;0.0;0.0;0.0;0.0;0.0
K032;CABO HEPR 1KV 90º - MAXFIO;CABO ELETRICO FLEX HEPR 150,0MM PRETO 1KV 90º;M;0.0;0.0;0.0;0.0;0.0;0.0;0.0
PP068B;CABO HEPR 1KV 90º - MAXFIO;CABO DE CONTROLE PP 2X4,0MM PRETO 1KV MAXFIO METRO (BOBINA);M;7.356410256410255;0.06;0.0;0.095;0.0;0.0;0.155
K059;CABO HEPR 1KV 90º - MAXFIO;CABO ELETREFLEX HEPR 1,5MM VERMELHO 1KV 90º;M;1.4471219512195121;0.01228;0.0;0.009000000000000001;0.0;0.0;0.021413
K066;CABO HEPR 1KV 90º - MAXFIO;CABO ELETREFLEX HEPR 1KV 90º;M;0.0;0.0;0.0;0.0;0.0;0.0;0.0
PP091B;CABO HEPR 1KV 90º - MAXFIO;CABO DE CONTROLE 4X16,0MM PRETO MAXFIO HEPR 1KV METRO;M;0.0;0.0;0.0;0.0;0.0;0.0;0.0
PP069B;CABO HEPR 1KV 90º - MAXFIO;CABO DE CONTROLE PP 4X2,5MM PRETO 1KV MAXFIO METRO (BOBINA);M;0.0;0.0;0.0;0.0;0.0;0.0;0.0
K067;CABO HEPR 1KV 90º - MAXFIO;CABO ELETRICO FLEX HEPR 150,0MM VERDE 1KV 90º;M;0.0;0.0;0.0;0.0;0.0;0.0;0.0
K068;CABO HEPR 1KV 90º - MAXFIO;CABO ELETRICO FLEX HEPR 300,0MM PRETO 1KV 90º;M;0.0;0.0;0.0;0.0;0.0;0.0;0.0
PP081B;CABO HEPR 1KV 90º - MAXFIO;CABO DE CONTROLE PP 5X1,5MM BRANCO 1KV MAXFIO METRO (BOBINA);M;0.0;0.0;0.0;0.0;0.0;0.0;0.0
PP082B;CABO HEPR 1KV 90º - MAXFIO;CABO DE CONTROLE PP 4X1,5MM BRANCO 1KV MAXFIO METRO (BOBINA);M;0.0;0.0;0.0;0.0;0.0;0.0;0.0
PP084B;CABO HEPR 1KV 90º - MAXFIO;CABO DE CONTROLE PP 3X1,5MM BRANCO 1KV MAXFIO METRO (BOBINA);M;4.365384615384616;0.034;0.0;0.07;0.0;0.0;0.10400000000000001
K071;CABO HEPR 1KV 90º - MAXFIO;CABO ELETREFLEX HEPR 240,0MM VERDE 1KV 90º;M;0.0;0.0;0.0;0.0;0.0;0.0;0.0
K072;CABO HEPR 1KV 90º - MAXFIO;CABO ELETRICO FLEX HEPR 25,0MM AMARELO 1KV 90º;M;0.0;0.0;0.0;0.0;0.0;0.0;0.0
PP081M;CABO HEPR 1KV 90º - MAXFIO;CABO DE CONTROLE PP 5X1,5MM BRANCO 1KV MAXFIO 50M RL;RL;0.0;0.0;0.0;0.0;0.0;0.0;0.0
PP082;CABO HEPR 1KV 90º - MAXFIO;CABO DE CONTROLE PP 4X1,5MM BRANCO 1KV MAXFIO 100M RL;RL;0.0;0.0;0.0;0.0;0.0;0.0;0.0
PP084;CABO HEPR 1KV 90º - MAXFIO;CABO DE CONTROLE PP 3X1,5MM BRANCO 1KV MAXFIO 100M RL;RL;436.53846153846155;3.4;0.0;7.0;0.0;0.0;10.4
PP085B;CABO HEPR 1KV 90º - MAXFIO;CABO DE CONTROLE PP 2X10,0MM PRETO 1KV MAXFIO METRO (BOBINA);M;0.0;0.0;0.0;0.0;0.0;0.0;0.0
PP086B;CABO HEPR 1KV 90º - MAXFIO;CABO DE CONTROLE PP 3X1,0MM PRETO 1KV MAXFIO METRO (BOBINA);M;2.3899999999999997;0.018;0.0;0.0396;0.0;0.0;0.0576
K086;CABO HEPR 1KV 90º - MAXFIO;CABO ELETRICO FLEX HEPR 95,0MM BRANCO 1KV 90º;M;0.0;0.0;0.0;0.0;0.0;0.0;0.0
K087;CABO HEPR 1KV 90º - MAXFIO;CABO ELETREFLEX HEPR 6,0MM AMARELO 1KV 90º;M;0.0;0.0;0.0;0.0;0.0;0.0;0.0
K088;CABO HEPR 1KV 90º - MAXFIO;CABO ELETREFLEX HEPR 6,0MM CINZA 1KV 90º;M;0.0;0.0;0.0;0.0;0.0;0.0;0.0
K089;CABO HEPR 1KV 90º - MAXFIO;CABO ELETRICO FLEX HEPR 1,5MM CINZA 1KV 90º;M;1.4471219512195121;0.01228;0.0;0.009000000000000001;0.0;0.0;0.021413
K090;CABO HEPR 1KV 90º - MAXFIO;CABO ELETRICO FLEX HEPR 1,5MM VERDE 1KV 90º;M;1.4471219512195121;0.01228;0.0;0.009000000000000001;0.0;0.0;0.021413
1911;CABO HEPR 1KV 90º - MAXFIO;CABO ELETRICO FLEX HEPR 150,0MM VERDE 1KV 90º;M;0.0;0.0;0.0;0.0;0.0;0.0;0.0
K094;CABO HEPR 1KV 90º - MAXFIO;CABO ELETRICO FLEX HEPR 150,0MM BRANCO 1KV 90º;M;0.0;0.0;0.0;0.0;0.0;0.0;0.0
K095;CABO HEPR 1KV 90º - MAXFIO;CABO ELETRICO FLEX HEPR 150,0MM VERMELHO 1KV 90º;M;0.0;0.0;0.0;0.0;0.0;0.0;0.0
PP070B;CABO HEPR 1KV 90º - MAXFIO;CABO DE CONTROLE PP 4X10,0MM PRETO 1KV MAXFIO METRO (BOBINA);M;0.0;0.0;0.0;0.0;0.0;0.0;0.0
K096;CABO HEPR 1KV 90º - MAXFIO;CABO ELETRICO FLEX HEPR 1,5MM AMARELO 1KV 90º;M;1.4471219512195121;0.01228;0.0;0.009000000000000001;0.0;0.0;0.021413
K101;CABO HEPR 1KV 90º - MAXFIO;CABO ELETREFLEX HEPR 240,0MM VERMELHO 1KV 90º;M;0.0;0.0;0.0;0.0;0.0;0.0;0.0
K102;CABO HEPR 1KV 90º - MAXFIO;CABO ELETREFLEX HEPR 240,0MM BRANCO 1KV 90º;M;0.0;0.0;0.0;0.0;0.0;0.0;0.0
K103;CABO HEPR 1KV 90º - MAXFIO;CABO ELETRICO FLEX HEPR 25,0MM LARANJA 1KV 90º;M;0.0;0.0;0.0;0.0;0.0;0.0;0.0
2053;CABO HEPR 1KV 90º - MAXFIO;CABO DE CONTROLE PP 6X1,5MM BRANCO 1KV MAXFIO METRO (BOBINA);M;0.0;0.0;0.0;0.0;0.0;0.0;0.0
PP080M;CABO HEPR 1KV 90º - MAXFIO;CABO DE CONTROLE PP 6X1,5MM BRANCO 1KV MAXFIO 50M RL;RL;0.0;0.0;0.0;0.0;0.0;0.0;0.0
PP101B;CABO HEPR 1KV 90º - MAXFIO;CABO DE CONTROLE PP 3X25MM PRETO 1KV MAXFIO METRO (BOBINA);M;0.0;0.0;0.0;0.0;0.0;0.0;0.0
2151;CABO HEPR 1KV 90º - MAXFIO;CABO ELETRICO FLEX HEPR 300,0MM AZUL 1KV 90º;M;0.0;0.0;0.0;0.0;0.0;0.0;0.0
K107;CABO HEPR 1KV 90º - MAXFIO;CABO ELETRICO FLEX HEPR 300,0MM BRANCO 1KV 90º;M;0.0;0.0;0.0;0.0;0.0;0.0;0.0
K108;CABO HEPR 1KV 90º - MAXFIO;CABO ELETRICO FLEX HEPR 300,0MM VERDE 1KV 90º;M;0.0;0.0;0.0;0.0;0.0;0.0;0.0
K109;CABO HEPR 1KV 90º - MAXFIO;CABO ELETRICO FLEX HEPR 300,0MM VERMELHO 1KV 90º;M;0.0;0.0;0.0;0.0;0.0;0.0;0.0
K115;CABO HEPR 1KV 90º - MAXFIO;CABO ELETRICO FLEX HEPR 1,0MM VERMELHO 1KV 90º;M;0.0;0.0;0.0;0.0;0.0;0.0;0.0
PP103B;CABO HEPR 1KV 90º - MAXFIO;CABO DE CONTROLE PP 4X25MM PRETO 1KV MAXFIO METRO (BOBINA);M;0.0;0.0;0.0;0.0;0.0;0.0;0.0
K116;CABO HEPR 1KV 90º - MAXFIO;CABO ELETRICO FLEX HEPR 10,0MM MARROM 1KV 90º;M;0.0;0.0;0.0;0.0;0.0;0.0;0.0
K124;CABO HEPR 1KV 90º - MAXFIO;CABO ELETRICO FLEX HEPR 16,0MM CINZA 1KV 90º;M;0.0;0.0;0.0;0.0;0.0;0.0;0.0
K125;CABO HEPR 1KV 90º - MAXFIO;CABO ELETRICO FLEX HEPR 16,0MM MARROM 1KV 90º;M;0.0;0.0;0.0;0.0;0.0;0.0;0.0
PP027B;CABO HEPR 1KV 90º - MAXFIO;CABO DE CONTROLE PP 4X6,0MM PRETO 1KV MAXFIO METRO (BOBINA);M;0.0;0.0;0.0;0.0;0.0;0.0;0.0
PP028B;CABO HEPR 1KV 90º - MAXFIO;CABO DE CONTROLE PP 3X6,0MM PRETO 1KV MAXFIO METRO (BOBINA);M;0.0;0.0;0.0;0.0;0.0;0.0;0.0
PP031B;CABO HEPR 1KV 90º - MAXFIO;CABO DE CONTROLE PP 3X10,0MM PRETO 1KV MAXFIO METRO (BOBINA);M;0.0;0.0;0.0;0.0;0.0;0.0;0.0
K028;CABO HEPR 1KV 90º - MAXFIO;CABO ELETRICO FLEX HEPR 16,0MM VERDE 1KV 90º;M;0.0;0.0;0.0;0.0;0.0;0.0;0.0
K027;CABO HEPR 1KV 90º - MAXFIO;CABO ELETRICO FLEX HEPR 25,0MM BRANCO 1KV 90º;M;0.0;0.0;0.0;0.0;0.0;0.0;0.0
K029;CABO HEPR 1KV 90º - MAXFIO;CABO ELETRICO FLEX HEPR 10,0MM BRANCO 1KV 90º;M;0.0;0.0;0.0;0.0;0.0;0.0;0.0
K043;CABO HEPR 1KV 90º - MAXFIO;CABO ELETRICO FLEX HEPR 2,5MM VERMELHO 1KV 90º;M;2.251219512195122;0.02;0.0;0.01;0.0;0.0;0.030133
K044;CABO HEPR 1KV 90º - MAXFIO;CABO ELETRICO FLEX HEPR 2,5MM BRANCO 1KV 90º;M;2.251219512195122;0.02;0.0;0.01;0.0;0.0;0.030133
K045;CABO HEPR 1KV 90º - MAXFIO;CABO ELETRICO FLEX HEPR 2,5MM AZUL 1KV 90º;M;2.251219512195122;0.02;0.0;0.01;0.0;0.0;0.030133
K046;CABO HEPR 1KV 90º - MAXFIO;CABO ELETRICO FLEX HEPR 2,5MM VERDE 1KV 90º;M;2.251219512195122;0.02;0.0;0.01;0.0;0.0;0.030133
PP054B;CABO HEPR 1KV 90º - MAXFIO;CABO DE CONTROLE PP 2X6,0MM PRETO 1KV MAXFIO METRO (BOBINA);M;0.0;0.0616;0.0;0.1634;0.0;0.0;0.26523
PP055B;CABO HEPR 1KV 90º - MAXFIO;CABO DE CONTROLE PP 3X1,5MM PRETO 1KV MAXFIO METRO (BOBINA);M;4.365384615384616;0.034;0.0;0.07;0.0;0.0;0.10400000000000001
K073;CABO HEPR 1KV 90º - MAXFIO;CABO ELETRICO FLEX HEPR 70,0MM AMARELO 1KV 90º;M;0.0;0.0;0.0;0.0;0.0;0.0;0.0
K074;CABO HEPR 1KV 90º - MAXFIO;CABO ELETRICO FLEX HEPR 50,0MM AMARELO 1KV 90º;M;0.0;0.0;0.0;0.0;0.0;0.0;0.0
K075;CABO HEPR 1KV 90º - MAXFIO;CABO ELETRICO FLEX HEPR 120,0MM AMARELO 1KV 90º;M;0.0;0.0;0.0;0.0;0.0;0.0;0.0
K076;CABO HEPR 1KV 90º - MAXFIO;CABO ELETRICO FLEX HEPR 120,0MM BRANCO 1KV 90º;M;0.0;0.0;0.0;0.0;0.0;0.0;0.0
K080;CABO HEPR 1KV 90º - MAXFIO;CABO ELETRICO FLEX HEPR 35,0MM AMARELO 1KV 90º;M;0.0;0.0;0.0;0.0;0.0;0.0;0.0
PP080;CABO HEPR 1KV 90º - MAXFIO;CABO DE CONTROLE PP 6X1,5MM BRANCO 1KV MAXFIO 100M RL;RL;0.0;0.0;0.0;0.0;0.0;0.0;0.0
PP087B;CABO HEPR 1KV 90º - MAXFIO;CABO DE CONTROLE PP 5X1,0MM PRETO 1KV MAXFIO METRO (BOBINA);M;0.0;0.0;0.0;0.0;0.0;0.0;0.0
K082;CABO HEPR 1KV 90º - MAXFIO;CABO ELETRICO FLEX HEPR 35,0MM CINZA 1KV 90º;M;0.0;0.0;0.0;0.0;0.0;0.0;0.0
K021N;CABO HEPR 1KV 90º - MAXFIO;CABO ELETRICO FLEX HEPR 95,0MM VERMELHO 1KV 90º;M;0.0;0.0;0.0;0.0;0.0;0.0;0.0
K084;CABO HEPR 1KV 90º - MAXFIO;NÃO USAR - CABO ELETRICO FLEX HEPR 120,0MM AMARELO 1KV 90º;M;0.0;0.0;0.0;0.0;0.0;0.0;0.0
PP088B;CABO HEPR 1KV 90º - MAXFIO;CABO DE CONTROLE PP 4X1,0MM PRETO 1KV MAXFIO METRO (BOBINA);M;0.0;0.0;0.0;0.0;0.0;0.0;0.0
K085;CABO HEPR 1KV 90º - MAXFIO;CABO ELETREFLEX HEPR 2,5MM CINZA 1KV 90º;M;2.251219512195122;0.02;0.0;0.01;0.0;0.0;0.030133
PP082M;CABO HEPR 1KV 90º - MAXFIO;CABO DE CONTROLE PP 4X1,5MM BRANCO 1KV MAXFIO 50M RL;RL;0.0;0.0;0.0;0.0;0.0;0.0;0.0
PP081;CABO HEPR 1KV 90º - MAXFIO;CABO DE CONTROLE PP 5X1,5MM BRANCO 1KV MAXFIO 100M RL;RL;0.0;0.0;0.0;0.0;0.0;0.0;0.0
K104;CABO HEPR 1KV 90º - MAXFIO;CABO ELETRICO FLEX HEPR 400,0MM PRETO 1KV 90º;M;0.0;0.0;0.0;0.0;0.0;0.0;0.0
PP098B;CABO HEPR 1KV 90º - MAXFIO;CABO DE CONTROLE PP 5X4MM PRETO 1KV MAXFIO METRO (BOBINA);M;0.0;0.0;0.0;0.0;0.0;0.0;0.0
PP099B;CABO HEPR 1KV 90º - MAXFIO;CABO DE CONTROLE PP 5X10MM PRETO 1KV MAXFIO METRO (BOBINA);M;0.0;0.0;0.0;0.0;0.0;0.0;0.0
PP100B;CABO HEPR 1KV 90º - MAXFIO;CABO DE CONTROLE PP 6X1,0MM BRANCO 1KV MAXFIO METRO (BOBINA);M;0.0;0.0;0.0;0.0;0.0;0.0;0.0
E007M;CABOS RÍGIDOS (SÓLIDOS);CABO ELETRICO FLEXIVEL EPR 0,6/1KV PVC 90G 95,0MM METRO;M;0.0;0.0;0.0;0.0;0.0;0.0;0.0
E006M;CABOS RÍGIDOS (SÓLIDOS);CABO ELETRICO FLEXIVEL EPR 0,6/1KV PVC 90G 70,0MM METRO;M;0.0;0.0;0.0;0.0;0.0;0.0;0.0
E002M;CABOS RÍGIDOS (SÓLIDOS);CABO ELETRICO FLEXIVEL EPR 0,6/1KV PVC 90G 16,0MM METRO;M;0.0;0.0;0.0;0.0;0.0;0.0;0.0
R005M;CABOS RÍGIDOS (SÓLIDOS);CABO ELETRICO RIGIDO (SOLIDO) 10,0MM AZUL MAXFIO METRO;M;0.0;0.0;0.0;0.0;0.0;0.0;0.0
R004M;CABOS RÍGIDOS (SÓLIDOS);CABO ELETRICO RIGIDO (SOLIDO) 10,0MM VERDE MAXFIO METRO;M;0.0;0.0;0.0;0.0;0.0;0.0;0.0
R001M;CABOS RÍGIDOS (SÓLIDOS);CABO ELETRICO RIGIDO (SOLIDO) 10,0MM PRETO MAXFIO METRO;M;0.0;0.0;0.0;0.0;0.0;0.0;0.0
R002M;CABOS RÍGIDOS (SÓLIDOS);CABO ELETRICO RIGIDO (SOLIDO) 10,0MM VERMELHO MAXFIO METRO;M;0.0;0.0;0.0;0.0;0.0;0.0;0.0
R023M;CABOS RÍGIDOS (SÓLIDOS);CABO ELETRICO RIGIDO (SOLIDO) 10,0MM AMARELO MAXFIO METRO;M;0.0;0.0;0.0;0.0;0.0;0.0;0.0
R024M;CABOS RÍGIDOS (SÓLIDOS);CABO ELETRICO RIGIDO (SOLIDO) 10,0MM BRANCO MAXFIO METRO;M;0.0;0.0;0.0;0.0;0.0;0.0;0.0
E001M;CABOS RÍGIDOS (SÓLIDOS);CABO ELETRICO FLEXIVEL EPR 0,6/1KV PVC 90G 10,0MM METRO;M;0.0;0.0;0.0;0.0;0.0;0.0;0.0
E003M;CABOS RÍGIDOS (SÓLIDOS);CABO ELETRICO FLEXIVEL EPR 0,6/1KV PVC 90G 25,0MM METRO;M;0.0;0.0;0.0;0.0;0.0;0.0;0.0
E004M;CABOS RÍGIDOS (SÓLIDOS);CABO ELETRICO FLEXIVEL EPR 0,6/1KV PVC 90G 35,0MM METRO;M;0.0;0.0;0.0;0.0;0.0;0.0;0.0
E005M;CABOS RÍGIDOS (SÓLIDOS);CABO ELETRICO FLEXIVEL EPR 0,6/1KV PVC 90G 50,0MM METRO;M;0.0;0.0;0.0;0.0;0.0;0.0;0.0
E016M;CABOS RÍGIDOS (SÓLIDOS);CABO ELETRICO FLEXIVEL 10,0MM CORES EPR/PVC 0,6/1KV METRO;M;0.0;0.0;0.0;0.0;0.0;0.0;0.0
R004;CABOS RÍGIDOS (SÓLIDOS);CABO ELETRICO RIGIDO (SOLIDO) 10,0MM VERDE MAXFIO 100M;RL;0.0;0.0;0.0;0.0;0.0;0.0;0.0
